Name;Disp.energy;Rep.;2000;1674;1408;1184;995.5;837.1;703.9;591.9;497.8;418.6;352;296;248.9;209.3;176;148;124.4;104.6;87.99;73.99;62.22;52.32;44;37;31.11;26.16;22;18.5;15.55;13.08;11;9.25;7.78;6.54;5.5;4.62;3.89;3.27;2.75;2.31;1.94;1.64;1.38;1.16;0.972;0.817;0.687;0.578;0.486;0.409;0.344;0.289;0.243;0.204;0.172;0.145;0.122;0.102;0.086;0.072;0.061;0.051;0.043;0.036;0.03;0.0255;0.0215;0.0181;0.0152;0.0128
Podzol_E;65;1;0;0;0;0;0.01;0.09;0.12;0.24;0.34;0.6;1.15;2.18;3.56;4.79;5.4;5.44;5.26;5.18;5.29;5.53;5.46;5.53;5.1;4.56;4.09;3.72;3.42;3.12;2.81;2.49;2.2;1.95;1.71;1.48;1.27;1.09;0.94;0.81;0.69;0.58;0.47;0.38;0.3;0.22;0.16;0.12;0.09;0.06;0;0;0;0;0;0;0;0;0;0;0;0;0;0;0;0;0;0;0;0;0;0
Podzol_E;130;1;0;0;0;0;0;0;0.01;0.13;0.17;0.25;0.45;0.96;2.15;4.14;5.92;6.08;5.63;5.03;4.99;5.41;5.9;6;5.6;4.98;4.4;3.96;3.62;3.29;2.95;2.6;2.28;2;1.75;1.52;1.3;1.13;0.99;0.87;0.76;0.65;0.55;0.45;0.36;0.27;0.2;0.14;0.1;0.06;0;0;0;0;0;0;0;0;0;0;0;0;0;0;0;0;0;0;0;0;0;0
Podzol_E;194;1;0;0;0;0.01;0.07;0.09;0.13;0.24;0.33;0.56;1.04;1.9;3.08;4.15;4.69;4.75;4.67;4.73;5.03;5.48;5.82;5.62;5.49;5;4.51;4.09;3.72;3.36;2.99;2.64;2.32;2.04;1.79;1.55;1.33;1.15;1;0.87;0.76;0.66;0.57;0.47;0.38;0.29;0.22;0.16;0.12;0.08;0.05;0;0;0;0;0;0;0;0;0;0;0;0;0;0;0;0;0;0;0;0;0
Podzol_E;259;1;0;0;0;0;0.01;0.07;0.1;0.18;0.24;0.37;0.68;1.33;2.45;3.78;4.71;4.95;4.85;4.85;5.13;5.59;5.98;5.83;5.74;5.24;4.72;4.28;3.87;3.48;3.08;2.7;2.36;2.06;1.8;1.55;1.33;1.16;1.01;0.88;0.77;0.65;0.55;0.45;0.36;0.27;0.2;0.15;0.11;0.08;0.05;0;0;0;0;0;0;0;0;0;0;0;0;0;0;0;0;0;0;0;0;0
Podzol_E;324;1;0;0;0;0.01;0.08;0.09;0.13;0.23;0.3;0.49;0.86;1.53;2.49;3.49;4.18;4.47;4.54;4.68;5.03;5.55;6.02;5.91;5.85;5.32;4.79;4.34;3.95;3.56;3.15;2.75;2.4;2.09;1.83;1.58;1.36;1.16;1.01;0.89;0.78;0.67;0.58;0.48;0.39;0.31;0.23;0.17;0.13;0.09;0.06;0;0;0;0;0;0;0;0;0;0;0;0;0;0;0;0;0;0;0;0;0
Podzol_E;389;1;0;0;0;0.01;0.07;0.09;0.13;0.23;0.31;0.51;0.91;1.63;2.65;3.7;4.4;4.65;4.65;4.67;4.86;5.24;5.63;5.6;5.68;5.31;4.85;4.41;3.99;3.57;3.15;2.75;2.4;2.09;1.82;1.58;1.36;1.17;1.02;0.89;0.78;0.68;0.59;0.49;0.41;0.32;0.25;0.19;0.14;0.1;0.07;0;0;0;0;0;0;0;0;0;0;0;0;0;0;0;0;0;0;0;0;0
Podzol_E;453;1;0;0;0;0.01;0.08;0.1;0.13;0.23;0.31;0.49;0.85;1.47;2.36;3.3;4;4.35;4.47;4.59;4.87;5.3;5.74;5.7;5.81;5.43;4.97;4.53;4.11;3.68;3.25;2.83;2.46;2.15;1.87;1.62;1.39;1.19;1.03;0.91;0.8;0.7;0.61;0.52;0.44;0.36;0.29;0.23;0.17;0.13;0.1;0.07;0;0;0;0;0;0;0;0;0;0;0;0;0;0;0;0;0;0;0;0
Podzol_E;583;1;0.01;0.07;0.07;0.08;0.14;0.16;0.18;0.26;0.29;0.45;0.77;1.34;2.18;3.1;3.79;4.12;4.23;4.35;4.63;5.08;5.56;5.88;5.68;5.67;5.3;4.88;4.43;3.95;3.45;2.98;2.58;2.24;1.94;1.67;1.43;1.25;1.1;0.97;0.85;0.72;0.6;0.48;0.37;0.27;0.18;0.13;0.09;0.05;0;0;0;0;0;0;0;0;0;0;0;0;0;0;0;0;0;0;0;0;0;0
Podzol_E;712;1;0.01;0.07;0.07;0.08;0.14;0.15;0.17;0.24;0.28;0.43;0.74;1.33;2.22;3.23;3.99;4.33;4.38;4.41;4.61;5.01;5.48;5.81;5.53;5.58;5.2;4.79;4.36;3.91;3.43;2.96;2.56;2.21;1.92;1.66;1.42;1.23;1.08;0.96;0.85;0.74;0.63;0.52;0.41;0.31;0.22;0.16;0.11;0.07;0;0;0;0;0;0;0;0;0;0;0;0;0;0;0;0;0;0;0;0;0;0
Podzol_E;842;1;0;0;0;0.01;0.08;0.1;0.13;0.23;0.3;0.46;0.76;1.28;2.02;2.85;3.54;3.94;4.1;4.19;4.4;4.78;5.26;5.64;5.5;5.67;5.42;5.09;4.68;4.2;3.67;3.16;2.72;2.36;2.05;1.77;1.51;1.3;1.14;1.01;0.89;0.78;0.67;0.57;0.47;0.37;0.28;0.22;0.16;0.12;0.09;0.06;0;0;0;0;0;0;0;0;0;0;0;0;0;0;0;0;0;0;0;0
Podzol_E;971;1;0;0;0;0.01;0.08;0.1;0.13;0.23;0.3;0.46;0.76;1.28;2.03;2.84;3.49;3.86;4.03;4.16;4.38;4.73;5.17;5.56;5.48;5.68;5.45;5.15;4.79;4.33;3.81;3.27;2.8;2.4;2.08;1.79;1.53;1.34;1.18;1.04;0.91;0.79;0.66;0.54;0.43;0.32;0.23;0.16;0.11;0.08;0.05;0;0;0;0;0;0;0;0;0;0;0;0;0;0;0;0;0;0;0;0;0
Podzol_E;1101;1;0.01;0.07;0.07;0.09;0.14;0.15;0.16;0.23;0.25;0.37;0.6;1.03;1.72;2.57;3.3;3.71;3.86;3.95;4.18;4.6;5.12;5.56;5.53;5.78;5.61;5.33;4.95;4.47;3.91;3.37;2.9;2.5;2.16;1.86;1.59;1.37;1.2;1.06;0.94;0.82;0.7;0.59;0.48;0.37;0.27;0.2;0.14;0.1;0.06;0;0;0;0;0;0;0;0;0;0;0;0;0;0;0;0;0;0;0;0;0
Podzol_BHFi;65;1;0;0;0;0.01;0.1;0.17;0.29;0.56;0.86;1.77;3.26;4.77;5.22;5.21;4.66;4.23;4.05;4.06;4.16;4.24;4.18;3.98;3.69;3.4;3.17;2.97;2.79;2.61;2.43;2.27;2.15;2.05;1.96;1.85;1.73;1.64;1.56;1.48;1.38;1.24;1.07;0.88;0.68;0.49;0.32;0.21;0.13;0.07;0;0;0;0;0;0;0;0;0;0;0;0;0;0;0;0;0;0;0;0;0;0
Podzol_BHFi;130;1;0;0;0;0.01;0.1;0.16;0.26;0.5;0.74;1.48;2.7;4.09;4.91;4.69;4.55;4.2;4.04;4.05;4.14;4.23;4.24;4.12;3.9;3.64;3.38;3.15;2.95;2.76;2.57;2.4;2.25;2.14;2.03;1.92;1.8;1.69;1.59;1.49;1.37;1.23;1.07;0.9;0.73;0.57;0.42;0.31;0.22;0.15;0.1;0.06;0;0;0;0;0;0;0;0;0;0;0;0;0;0;0;0;0;0;0;0
Podzol_BHFi;194;1;0;0;0;0.01;0.08;0.12;0.19;0.38;0.53;1.08;2.17;3.67;4.72;4.54;4.26;3.86;3.76;3.92;4.18;4.41;4.5;4.41;4.17;3.89;3.63;3.4;3.18;2.96;2.73;2.53;2.36;2.23;2.12;1.99;1.86;1.74;1.64;1.53;1.41;1.26;1.1;0.93;0.75;0.57;0.42;0.3;0.21;0.14;0.1;0.06;0;0;0;0;0;0;0;0;0;0;0;0;0;0;0;0;0;0;0;0
Podzol_BHFi;259;1;0;0;0;0;0.01;0.07;0.1;0.2;0.28;0.51;1.07;2.29;4.11;5.25;5.46;4.65;3.98;3.77;3.94;4.29;4.56;4.58;4.36;4.06;3.76;3.51;3.29;3.05;2.81;2.59;2.41;2.27;2.15;2.01;1.86;1.74;1.64;1.56;1.47;1.35;1.21;1.04;0.85;0.65;0.47;0.33;0.22;0.14;0.08;0;0;0;0;0;0;0;0;0;0;0;0;0;0;0;0;0;0;0;0;0
Podzol_BHFi;324;1;0;0;0;0;0.01;0.07;0.11;0.21;0.29;0.52;1.11;2.35;4.16;5.18;5.24;4.39;3.77;3.62;3.88;4.29;4.59;4.62;4.41;4.11;3.82;3.57;3.34;3.1;2.85;2.63;2.44;2.29;2.16;2.02;1.88;1.76;1.66;1.56;1.45;1.33;1.18;1.02;0.85;0.67;0.5;0.37;0.26;0.17;0.12;0.07;0;0;0;0;0;0;0;0;0;0;0;0;0;0;0;0;0;0;0;0
Podzol_BHFi;389;1;0;0;0;0;0;0.01;0.08;0.15;0.2;0.31;0.6;1.34;2.89;4.89;5.64;5.26;4.28;3.77;3.85;4.29;4.73;4.85;4.65;4.3;3.98;3.71;3.47;3.22;2.96;2.71;2.51;2.35;2.21;2.07;1.92;1.81;1.73;1.66;1.57;1.44;1.27;1.05;0.82;0.59;0.39;0.24;0.15;0.08;0;0;0;0;0;0;0;0;0;0;0;0;0;0;0;0;0;0;0;0;0;0
Podzol_BHFi;453;1;0;0;0;0;0;0.01;0.08;0.16;0.21;0.32;0.6;1.3;2.7;4.48;5.13;4.92;4.09;3.64;3.67;4.03;4.41;4.59;4.51;4.27;4;3.78;3.57;3.34;3.1;2.86;2.66;2.5;2.37;2.22;2.06;1.93;1.82;1.71;1.59;1.45;1.29;1.12;0.93;0.74;0.57;0.43;0.31;0.22;0.15;0.1;0.06;0;0;0;0;0;0;0;0;0;0;0;0;0;0;0;0;0;0;0
Podzol_BHFi;583;1;0;0;0;0;0;0.01;0.08;0.15;0.2;0.31;0.57;1.23;2.58;4.35;5.09;4.87;4.04;3.58;3.63;4.03;4.49;4.73;4.68;4.47;4.22;3.97;3.72;3.45;3.16;2.88;2.66;2.48;2.33;2.17;2.01;1.86;1.74;1.63;1.51;1.38;1.23;1.07;0.9;0.72;0.56;0.42;0.31;0.22;0.15;0.1;0.06;0;0;0;0;0;0;0;0;0;0;0;0;0;0;0;0;0;0;0
Podzol_BHFi;712;1;0;0;0;0;0;0;0.01;0.12;0.15;0.2;0.3;0.56;1.24;2.68;4.6;5.42;5.14;4.23;3.76;3.85;4.28;4.73;4.9;4.78;4.51;4.21;3.91;3.62;3.32;3.04;2.79;2.59;2.41;2.24;2.06;1.91;1.81;1.72;1.63;1.51;1.37;1.18;0.97;0.75;0.55;0.38;0.25;0.16;0.1;0.06;0;0;0;0;0;0;0;0;0;0;0;0;0;0;0;0;0;0;0;0
Podzol_BHFi;842;1;0;0;0;0.01;0.08;0.1;0.15;0.29;0.39;0.7;1.33;2.37;3.5;4.14;4.1;3.76;3.51;3.48;3.68;4;4.32;4.52;4.31;4.43;4.25;4.04;3.81;3.52;3.21;2.92;2.67;2.47;2.3;2.14;1.97;1.82;1.68;1.55;1.42;1.28;1.13;0.98;0.83;0.68;0.54;0.43;0.34;0.26;0.2;0.15;0.11;0.08;0.05;0;0;0;0;0;0;0;0;0;0;0;0;0;0;0;0;0
Podzol_BHFi;971;1;0;0;0.01;0.06;0.15;0.23;0.35;0.61;0.86;1.5;2.35;3.05;3.33;3.27;3.16;3.12;3.17;3.29;3.49;3.74;4.01;4.23;4.1;4.34;4.25;4.08;3.85;3.56;3.25;2.95;2.69;2.49;2.32;2.15;1.98;1.83;1.69;1.55;1.42;1.28;1.14;1;0.85;0.71;0.59;0.48;0.38;0.3;0.24;0.18;0.14;0.1;0.08;0.05;0;0;0;0;0;0;0;0;0;0;0;0;0;0;0;0
Podzol_BHFi;1101;1;0;0;0;0.01;0.08;0.11;0.16;0.29;0.4;0.69;1.27;2.22;3.24;3.83;3.81;3.52;3.29;3.26;3.43;3.72;4.03;4.27;4.39;4.17;4.36;4.23;4.03;3.74;3.4;3.08;2.81;2.61;2.43;2.26;2.09;1.92;1.77;1.63;1.48;1.34;1.19;1.04;0.89;0.75;0.62;0.51;0.41;0.33;0.26;0.2;0.16;0.12;0.09;0.06;0;0;0;0;0;0;0;0;0;0;0;0;0;0;0;0
Podzolistaya_ELe;65;1;0;0;0;0;0.01;0.06;0.06;0.1;0.11;0.12;0.14;0.16;0.21;0.29;0.43;0.66;1;1.51;2.27;3.39;4.87;6.42;7.45;7.37;7.08;6.29;5.55;4.95;4.47;4.08;3.74;3.43;3.13;2.82;2.52;2.26;2.05;1.87;1.69;1.5;1.32;1.12;0.93;0.73;0.56;0.42;0.31;0.22;0.15;0.11;0.07;0;0;0;0;0;0;0;0;0;0;0;0;0;0;0;0;0;0;0
Podzolistaya_ELe;130;1;0;0;0;0;0;0.01;0.06;0.09;0.11;0.12;0.13;0.16;0.2;0.26;0.38;0.57;0.86;1.3;2.01;3.08;4.56;6.11;7.14;7.07;6.72;5.97;5.32;4.84;4.48;4.17;3.9;3.66;3.41;3.14;2.84;2.6;2.4;2.22;2.02;1.8;1.55;1.29;1.03;0.78;0.56;0.4;0.28;0.19;0.13;0.08;0;0;0;0;0;0;0;0;0;0;0;0;0;0;0;0;0;0;0;0
Podzolistaya_ELe;194;1;0;0;0;0;0;0;0.01;0.08;0.1;0.11;0.12;0.14;0.17;0.22;0.31;0.46;0.7;1.11;1.79;2.87;4.37;5.94;6.99;6.92;6.65;5.93;5.3;4.82;4.47;4.19;3.95;3.74;3.51;3.25;2.97;2.74;2.53;2.32;2.09;1.84;1.57;1.31;1.05;0.81;0.62;0.48;0.37;0.29;0.22;0.18;0.14;0.11;0.08;0.06;0;0;0;0;0;0;0;0;0;0;0;0;0;0;0;0
Podzolistaya_ELe;259;1;0;0;0;0;0;0;0.01;0.08;0.11;0.11;0.13;0.15;0.18;0.24;0.34;0.52;0.79;1.24;1.95;3.05;4.52;6.04;7.01;6.89;6.51;5.74;5.09;4.63;4.3;4.04;3.81;3.6;3.4;3.16;2.91;2.69;2.5;2.32;2.13;1.92;1.7;1.46;1.21;0.96;0.75;0.57;0.42;0.3;0.21;0.15;0.1;0.06;0;0;0;0;0;0;0;0;0;0;0;0;0;0;0;0;0;0
Podzolistaya_ELe;324;1;0;0;0;0;0;0;0.01;0.08;0.1;0.11;0.12;0.14;0.17;0.23;0.32;0.48;0.74;1.14;1.77;2.74;4.08;5.55;6.61;6.66;6.48;5.82;5.22;4.76;4.42;4.15;3.93;3.74;3.54;3.31;3.05;2.82;2.61;2.42;2.22;2;1.77;1.52;1.27;1.02;0.8;0.61;0.46;0.34;0.25;0.17;0.12;0.08;0.05;0;0;0;0;0;0;0;0;0;0;0;0;0;0;0;0;0
Podzolistaya_ELe;389;1;0;0;0;0;0;0.01;0.06;0.09;0.11;0.12;0.13;0.15;0.19;0.25;0.37;0.55;0.82;1.24;1.89;2.89;4.25;5.71;6.71;6.66;6.41;5.69;5.05;4.57;4.23;3.98;3.78;3.61;3.44;3.23;3;2.78;2.59;2.41;2.22;2.03;1.82;1.59;1.34;1.09;0.85;0.65;0.49;0.35;0.25;0.17;0.11;0.07;0;0;0;0;0;0;0;0;0;0;0;0;0;0;0;0;0;0
Podzolistaya_ELe;453;1;0;0;0;0;0;0;0.01;0.08;0.1;0.11;0.12;0.14;0.17;0.22;0.31;0.46;0.69;1.08;1.7;2.69;4.09;5.6;6.64;6.58;6.38;5.69;5.07;4.62;4.29;4.04;3.85;3.69;3.52;3.32;3.09;2.88;2.71;2.54;2.34;2.11;1.85;1.58;1.3;1.04;0.81;0.64;0.5;0.39;0.3;0.22;0.17;0.12;0.09;0.06;0;0;0;0;0;0;0;0;0;0;0;0;0;0;0;0
Podzolistaya_ELe;583;1;0;0;0;0;0;0;0.01;0.09;0.11;0.12;0.13;0.15;0.18;0.24;0.33;0.49;0.73;1.13;1.76;2.74;4.09;5.54;6.58;6.61;6.42;5.73;5.09;4.59;4.24;3.99;3.79;3.63;3.47;3.29;3.08;2.91;2.76;2.61;2.43;2.21;1.97;1.68;1.38;1.08;0.81;0.6;0.43;0.3;0.2;0.14;0.09;0.05;0;0;0;0;0;0;0;0;0;0;0;0;0;0;0;0;0;0
Podzolistaya_ELe;712;1;0;0;0;0;0;0;0.01;0.07;0.1;0.1;0.11;0.12;0.14;0.18;0.25;0.37;0.59;0.95;1.56;2.54;3.93;5.46;6.6;6.69;6.48;5.76;5.11;4.63;4.28;4.03;3.82;3.64;3.47;3.28;3.07;2.88;2.74;2.59;2.43;2.23;2;1.75;1.47;1.19;0.94;0.72;0.54;0.4;0.29;0.2;0.14;0.09;0.06;0;0;0;0;0;0;0;0;0;0;0;0;0;0;0;0;0
Podzolistaya_ELe;842;1;0;0;0;0;0;0;0.01;0.08;0.1;0.11;0.12;0.14;0.17;0.22;0.3;0.45;0.69;1.08;1.71;2.69;4.04;5.49;6.5;6.46;6.25;5.57;4.97;4.52;4.18;3.92;3.71;3.55;3.4;3.22;3.03;2.88;2.74;2.6;2.43;2.23;2.01;1.76;1.5;1.23;0.99;0.79;0.61;0.47;0.35;0.26;0.19;0.13;0.09;0.06;0;0;0;0;0;0;0;0;0;0;0;0;0;0;0;0
Podzolistaya_ELe;971;1;0;0;0;0;0;0.01;0.06;0.09;0.11;0.12;0.14;0.16;0.2;0.26;0.35;0.49;0.68;1.01;1.6;2.61;4.04;5.5;6.4;6.28;6.1;5.49;4.92;4.48;4.15;3.93;3.76;3.6;3.44;3.24;3.04;2.88;2.76;2.62;2.46;2.26;2.04;1.8;1.54;1.28;1.03;0.82;0.64;0.49;0.37;0.27;0.19;0.14;0.09;0.06;0;0;0;0;0;0;0;0;0;0;0;0;0;0;0;0
Podzolistaya_ELe;1101;1;0;0;0;0;0;0;0.01;0.08;0.1;0.11;0.12;0.13;0.16;0.21;0.28;0.41;0.61;0.95;1.51;2.41;3.69;5.12;6.22;6.34;6.27;5.67;5.09;4.64;4.31;4.05;3.84;3.67;3.5;3.32;3.13;2.94;2.8;2.68;2.53;2.36;2.15;1.9;1.62;1.32;1.04;0.81;0.61;0.44;0.32;0.22;0.15;0.1;0.06;0;0;0;0;0;0;0;0;0;0;0;0;0;0;0;0;0
Podzolistaya_Eh1;65;1;0;0;0;0;0;0;0.01;0.08;0.1;0.11;0.12;0.14;0.17;0.23;0.32;0.48;0.74;1.19;1.93;3.1;4.69;6.26;6.92;7.01;6.22;5.31;4.58;4.08;3.75;3.53;3.38;3.26;3.15;3.04;2.91;2.81;2.72;2.62;2.48;2.31;2.1;1.85;1.57;1.28;1.01;0.77;0.57;0.41;0.29;0.19;0.13;0.08;0;0;0;0;0;0;0;0;0;0;0;0;0;0;0;0;0;0
Podzolistaya_Eh1;130;1;0;0;0;0;0;0;0.01;0.09;0.11;0.12;0.13;0.16;0.19;0.26;0.36;0.53;0.79;1.2;1.89;2.97;4.45;5.98;6.93;6.68;6.26;5.38;4.64;4.12;3.77;3.53;3.35;3.22;3.1;2.99;2.88;2.81;2.76;2.67;2.54;2.35;2.12;1.86;1.57;1.28;1.02;0.81;0.62;0.47;0.35;0.25;0.18;0.12;0.08;0.05;0;0;0;0;0;0;0;0;0;0;0;0;0;0;0;0
Podzolistaya_Eh1;194;1;0;0;0;0;0;0;0.01;0.08;0.1;0.11;0.12;0.14;0.17;0.22;0.31;0.46;0.72;1.14;1.84;2.95;4.49;6.08;6.8;7.03;6.29;5.39;4.66;4.15;3.81;3.55;3.36;3.21;3.08;2.96;2.84;2.77;2.71;2.64;2.52;2.34;2.12;1.87;1.58;1.29;1.03;0.82;0.64;0.49;0.37;0.27;0.19;0.13;0.09;0.06;0;0;0;0;0;0;0;0;0;0;0;0;0;0;0;0
Podzolistaya_Eh1;259;1;0;0;0;0;0;0;0.01;0.08;0.1;0.11;0.12;0.14;0.17;0.22;0.32;0.49;0.77;1.22;1.97;3.13;4.69;6.28;6.96;7.1;6.29;5.35;4.6;4.09;3.73;3.47;3.25;3.08;2.94;2.81;2.7;2.64;2.61;2.56;2.47;2.31;2.12;1.87;1.6;1.32;1.07;0.85;0.67;0.51;0.39;0.29;0.21;0.15;0.1;0.07;0;0;0;0;0;0;0;0;0;0;0;0;0;0;0;0
Podzolistaya_Eh1;324;1;0;0;0;0;0;0;0.01;0.08;0.1;0.11;0.12;0.13;0.15;0.2;0.28;0.42;0.66;1.07;1.76;2.87;4.38;5.93;6.91;6.69;6.29;5.46;4.75;4.24;3.86;3.58;3.35;3.17;3.03;2.89;2.76;2.69;2.65;2.61;2.52;2.39;2.2;1.96;1.69;1.4;1.14;0.92;0.72;0.56;0.42;0.31;0.23;0.16;0.11;0.07;0;0;0;0;0;0;0;0;0;0;0;0;0;0;0;0
Podzolistaya_Eh1;389;1;0;0;0;0;0;0;0.01;0.08;0.1;0.11;0.12;0.13;0.16;0.21;0.3;0.46;0.74;1.19;1.94;3.11;4.68;6.27;6.96;7.1;6.31;5.38;4.62;4.09;3.73;3.46;3.25;3.08;2.92;2.78;2.65;2.6;2.58;2.54;2.46;2.33;2.15;1.91;1.64;1.36;1.1;0.89;0.7;0.54;0.41;0.3;0.22;0.15;0.11;0.07;0;0;0;0;0;0;0;0;0;0;0;0;0;0;0;0
Podzolistaya_Eh1;453;1;0;0;0;0;0;0;0.01;0.08;0.1;0.11;0.12;0.14;0.17;0.22;0.32;0.47;0.74;1.17;1.88;3;4.51;6.04;6.73;6.96;6.25;5.37;4.63;4.11;3.76;3.5;3.28;3.11;2.95;2.8;2.67;2.61;2.58;2.55;2.47;2.35;2.18;1.96;1.7;1.43;1.17;0.95;0.76;0.59;0.45;0.34;0.25;0.18;0.13;0.09;0.06;0;0;0;0;0;0;0;0;0;0;0;0;0;0;0
Podzolistaya_Eh1;583;1;0;0;0;0;0;0;0.01;0.08;0.1;0.11;0.12;0.14;0.16;0.22;0.31;0.46;0.72;1.15;1.85;2.94;4.41;5.93;6.92;6.77;6.37;5.51;4.76;4.22;3.84;3.56;3.33;3.14;2.96;2.8;2.64;2.56;2.51;2.46;2.39;2.27;2.11;1.91;1.66;1.41;1.16;0.96;0.78;0.62;0.48;0.37;0.28;0.21;0.15;0.11;0.07;0;0;0;0;0;0;0;0;0;0;0;0;0;0;0
Podzolistaya_Eh1;712;1;0;0;0;0;0;0;0.01;0.08;0.1;0.1;0.11;0.12;0.15;0.19;0.27;0.4;0.64;1.05;1.74;2.84;4.35;5.95;6.97;6.8;6.36;5.49;4.76;4.25;3.89;3.6;3.36;3.15;2.97;2.8;2.66;2.58;2.54;2.5;2.43;2.32;2.16;1.95;1.69;1.43;1.18;0.97;0.79;0.62;0.49;0.37;0.28;0.21;0.15;0.11;0.07;0;0;0;0;0;0;0;0;0;0;0;0;0;0;0
Podzolistaya_Eh1;842;1;0;0;0;0;0;0;0.01;0.08;0.1;0.11;0.12;0.13;0.16;0.21;0.29;0.43;0.67;1.06;1.69;2.69;4.09;5.59;6.61;6.5;6.2;5.43;4.75;4.24;3.87;3.59;3.37;3.19;3.04;2.9;2.77;2.7;2.65;2.61;2.54;2.42;2.26;2.05;1.79;1.51;1.25;1.03;0.83;0.66;0.51;0.39;0.29;0.22;0.16;0.11;0.08;0.05;0;0;0;0;0;0;0;0;0;0;0;0;0;0
Podzolistaya_Eh1;971;1;0;0;0;0;0;0;0.01;0.08;0.1;0.11;0.12;0.13;0.16;0.21;0.3;0.44;0.69;1.11;1.8;2.9;4.42;6;6.75;6.99;6.28;5.39;4.66;4.14;3.79;3.51;3.28;3.08;2.9;2.73;2.58;2.51;2.49;2.46;2.41;2.32;2.18;1.99;1.75;1.49;1.25;1.04;0.85;0.68;0.53;0.41;0.31;0.23;0.17;0.12;0.09;0.06;0;0;0;0;0;0;0;0;0;0;0;0;0;0
Podzolistaya_Eh1;1101;1;0;0;0;0;0;0;0.01;0.08;0.1;0.1;0.11;0.12;0.15;0.19;0.27;0.42;0.67;1.1;1.82;2.95;4.48;6.03;6.68;6.91;6.22;5.38;4.68;4.17;3.8;3.51;3.28;3.08;2.9;2.73;2.58;2.52;2.49;2.46;2.41;2.32;2.18;1.99;1.75;1.49;1.25;1.04;0.86;0.69;0.55;0.43;0.33;0.25;0.18;0.13;0.1;0.06;0;0;0;0;0;0;0;0;0;0;0;0;0;0
Der-Podz_P;65;1;0;0;0;0.003333333;0.023333333;0.043333333;0.06;0.096666667;0.11;0.12;0.136666667;0.16;0.196666667;0.256666667;0.35;0.493333333;0.69;0.99;1.443333333;2.14;3.123333333;4.296666667;5.396666667;6.12;6.073333333;6.106666667;5.66;5.15;4.683333333;4.32;4.06;3.876666667;3.723333333;3.536666667;3.32;3.123333333;2.95;2.77;2.556666667;2.306666667;2.033333333;1.743333333;1.436666667;1.143333333;0.886666667;0.683333333;0.51;0.373333333;0.266666667;0.19;0.133333333;0.086666667;0.046666667;0;0;0;0;0;0;0;0;0;0;0;0;0;0;0;0;0
Der-Podz_P;130;1;0;0;0;0.006666667;0.043333333;0.06;0.06;0.096666667;0.11;0.123333333;0.136666667;0.163333333;0.2;0.263333333;0.356666667;0.496666667;0.693333333;0.973333333;1.403333333;2.08;3.06;4.273333333;5.45;6.236666667;6.19;6.22;5.75;5.216666667;4.72;4.303333333;3.98;3.723333333;3.506666667;3.28;3.056666667;2.886666667;2.76;2.633333333;2.48;2.283333333;2.06;1.806666667;1.53;1.256666667;1.013333333;0.806666667;0.633333333;0.486666667;0.366666667;0.266666667;0.196666667;0.14;0.1;0.06;0;0;0;0;0;0;0;0;0;0;0;0;0;0;0;0
Der-Podz_P;194;1;0;0;0;0.006666667;0.046666667;0.063333333;0.066666667;0.103333333;0.123333333;0.136666667;0.153333333;0.183333333;0.226666667;0.29;0.37;0.486666667;0.656666667;0.923333333;1.35;2.03;3.016666667;4.226666667;5.396666667;6.19;6.186666667;6.253333333;5.813333333;5.29;4.776666667;4.34;3.986666667;3.713333333;3.48;3.24;3.01;2.833333333;2.71;2.6;2.463333333;2.293333333;2.08;1.833333333;1.556666667;1.276666667;1.02;0.813333333;0.636666667;0.49;0.37;0.276666667;0.203333333;0.146666667;0.106666667;0.066666667;0.046666667;0.023333333;0.016666667;0;0;0;0;0;0;0;0;0;0;0;0;0
Der-Podz_P;259;1;0;0;0;0;0.006666667;0.043333333;0.06;0.09;0.106666667;0.116666667;0.13;0.146666667;0.183333333;0.233333333;0.31;0.426666667;0.603333333;0.876666667;1.316666667;2.023333333;3.053333333;4.316666667;5.53;6.336666667;6.323333333;6.363333333;5.9;5.353333333;4.833333333;4.38;4.013333333;3.71;3.436666667;3.163333333;2.906666667;2.716666667;2.593333333;2.486666667;2.37;2.22;2.036666667;1.82;1.566666667;1.313333333;1.073333333;0.873333333;0.7;0.546666667;0.42;0.316666667;0.233333333;0.17;0.123333333;0.083333333;0.043333333;0;0;0;0;0;0;0;0;0;0;0;0;0;0;0
Der-Podz_P;324;1;0;0;0;0.003333333;0.023333333;0.043333333;0.06;0.093333333;0.106666667;0.116666667;0.133333333;0.153333333;0.183333333;0.233333333;0.316666667;0.436666667;0.613333333;0.88;1.3;1.97;2.96;4.206666667;5.456666667;6.34;6.386666667;6.476666667;6;5.426666667;4.876666667;4.413333333;4.036666667;3.73;3.44;3.143333333;2.863333333;2.656666667;2.526666667;2.433333333;2.323333333;2.19;2.026666667;1.82;1.58;1.326666667;1.093333333;0.893333333;0.713333333;0.556666667;0.43;0.323333333;0.24;0.176666667;0.123333333;0.086666667;0.056666667;0;0;0;0;0;0;0;0;0;0;0;0;0;0;0
Der-Podz_P;389;1;0;0;0;0;0.003333333;0.026666667;0.06;0.09;0.103333333;0.113333333;0.13;0.146666667;0.176666667;0.223333333;0.3;0.42;0.596666667;0.866666667;1.293333333;1.96;2.936666667;4.166666667;5.403333333;6.28;6.336666667;6.44;6;5.466666667;4.94;4.47;4.086666667;3.763333333;3.46;3.153333333;2.86;2.65;2.516666667;2.426666667;2.326666667;2.2;2.04;1.833333333;1.593333333;1.343333333;1.106666667;0.903333333;0.723333333;0.57;0.44;0.336666667;0.246666667;0.183333333;0.133333333;0.093333333;0.06;0;0;0;0;0;0;0;0;0;0;0;0;0;0;0
Der-Podz_P;453;1;0;0;0;0;0.006666667;0.043333333;0.06;0.09;0.106666667;0.116666667;0.13;0.15;0.18;0.226666667;0.306666667;0.426666667;0.603333333;0.876666667;1.303333333;1.97;2.94;4.166666667;5.393333333;6.27;6.34;6.443333333;6;5.46;4.926666667;4.456666667;4.07;3.746666667;3.44;3.133333333;2.843333333;2.63;2.5;2.41;2.313333333;2.19;2.036666667;1.84;1.603333333;1.356666667;1.123333333;0.916666667;0.736666667;0.583333333;0.45;0.346666667;0.256666667;0.19;0.133333333;0.093333333;0.063333333;0;0;0;0;0;0;0;0;0;0;0;0;0;0;0
Der-Podz_P;583;1;0;0;0;0;0.01;0.06;0.06;0.09;0.11;0.116666667;0.13;0.15;0.183333333;0.23;0.31;0.43;0.596666667;0.853333333;1.27;1.933333333;2.943333333;4.23;5.516666667;6.406666667;6.43;6.49;6.02;5.48;4.956666667;4.486666667;4.083333333;3.733333333;3.413333333;3.09;2.796666667;2.563333333;2.42;2.326666667;2.24;2.133333333;1.993333333;1.813333333;1.59;1.353333333;1.123333333;0.926666667;0.746666667;0.593333333;0.46;0.35;0.263333333;0.193333333;0.136666667;0.096666667;0.066666667;0;0;0;0;0;0;0;0;0;0;0;0;0;0;0
Der-Podz_P;712;1;0;0;0;0;0;0.01;0.06;0.09;0.1;0.11;0.126666667;0.143333333;0.173333333;0.22;0.29;0.396666667;0.566666667;0.826666667;1.243333333;1.906666667;2.896666667;4.163333333;5.453333333;6.39;6.476666667;6.566666667;6.1;5.54;4.996666667;4.513333333;4.113333333;3.766666667;3.436666667;3.106666667;2.8;2.566666667;2.43;2.333333333;2.246666667;2.14;1.993333333;1.816666667;1.593333333;1.353333333;1.116666667;0.92;0.743333333;0.59;0.46;0.35;0.263333333;0.193333333;0.14;0.1;0.066666667;0;0;0;0;0;0;0;0;0;0;0;0;0;0;0
Der-Podz_P;842;1;0;0;0;0;0.006666667;0.043333333;0.06;0.09;0.103333333;0.11;0.126666667;0.146666667;0.176666667;0.216666667;0.293333333;0.396666667;0.56;0.813333333;1.223333333;1.876666667;2.856666667;4.12;5.41;6.353333333;6.463333333;6.566666667;6.116666667;5.563333333;5.02;4.536666667;4.136666667;3.786666667;3.453333333;3.123333333;2.81;2.566666667;2.416666667;2.316666667;2.226666667;2.116666667;1.983333333;1.81;1.59;1.353333333;1.126666667;0.933333333;0.756666667;0.6;0.47;0.36;0.273333333;0.2;0.146666667;0.103333333;0.07;0.02;0;0;0;0;0;0;0;0;0;0;0;0;0;0
Der-Podz_P;971;1;0;0;0;0;0.003333333;0.026666667;0.06;0.09;0.1;0.11;0.126666667;0.143333333;0.166666667;0.213333333;0.29;0.4;0.563333333;0.816666667;1.21;1.85;2.813333333;4.076666667;5.38;6.333333333;6.44;6.543333333;6.093333333;5.546666667;5.013333333;4.546666667;4.146666667;3.8;3.463333333;3.13;2.813333333;2.573333333;2.416666667;2.32;2.226666667;2.123333333;1.99;1.816666667;1.6;1.37;1.146666667;0.956666667;0.776666667;0.62;0.493333333;0.376666667;0.29;0.216666667;0.16;0.113333333;0.08;0.023333333;0;0;0;0;0;0;0;0;0;0;0;0;0;0
Der-Podz_P;1101;1;0;0;0;0;0.006666667;0.04;0.043333333;0.09;0.106666667;0.116666667;0.126666667;0.143333333;0.173333333;0.22;0.29;0.396666667;0.553333333;0.806666667;1.22;1.893333333;2.9;4.183333333;5.473333333;6.403333333;6.503333333;6.583333333;6.11;5.543333333;4.993333333;4.513333333;4.12;3.773333333;3.443333333;3.106666667;2.793333333;2.556666667;2.41;2.313333333;2.216666667;2.106666667;1.97;1.8;1.58;1.343333333;1.113333333;0.923333333;0.75;0.593333333;0.47;0.356666667;0.273333333;0.203333333;0.146666667;0.106666667;0.073333333;0.023333333;0;0;0;0;0;0;0;0;0;0;0;0;0;0
Der-Podz_EL;65;1;0;0;0;0.003333333;0.02;0.026666667;0.063333333;0.096666667;0.11;0.12;0.136666667;0.16;0.193333333;0.25;0.336666667;0.47;0.673333333;0.996666667;1.54;2.4;3.64;5.096666667;6.35;6.753333333;6.973333333;6.51;5.88;5.246666667;4.67;4.183333333;3.803333333;3.51;3.25;3;2.75;2.573333333;2.46;2.376666667;2.27;2.12;1.926666667;1.68;1.396666667;1.106666667;0.843333333;0.64;0.47;0.336666667;0.233333333;0.16;0.106666667;0.066666667;0.02;0;0;0;0;0;0;0;0;0;0;0;0;0;0;0;0;0
Der-Podz_EL;130;1;0;0;0;0.003333333;0.02;0.02;0.03;0.096666667;0.106666667;0.12;0.133333333;0.153333333;0.19;0.236666667;0.32;0.453333333;0.653333333;0.986666667;1.526666667;2.39;3.643333333;5.126666667;6.42;6.853333333;7.063333333;6.57;5.91;5.253333333;4.66;4.156666667;3.753333333;3.423333333;3.14;2.866666667;2.61;2.433333333;2.32;2.23;2.13;2;1.84;1.636666667;1.403333333;1.156666667;0.94;0.76;0.606666667;0.473333333;0.363333333;0.273333333;0.2;0.146666667;0.103333333;0.073333333;0.02;0;0;0;0;0;0;0;0;0;0;0;0;0;0;0
Der-Podz_EL;194;1;0;0;0;0.003333333;0.02;0.023333333;0.046666667;0.093333333;0.106666667;0.116666667;0.13;0.146666667;0.183333333;0.236666667;0.32;0.45;0.653333333;0.986666667;1.526666667;2.393333333;3.646666667;5.153333333;6.486666667;7.116666667;7.04;6.736666667;6.076666667;5.396666667;4.763333333;4.22;3.766666667;3.41;3.093333333;2.8;2.54;2.38;2.28;2.196666667;2.096666667;1.966666667;1.793333333;1.59;1.353333333;1.103333333;0.88;0.696666667;0.55;0.426666667;0.323333333;0.24;0.176666667;0.126666667;0.09;0.046666667;0;0;0;0;0;0;0;0;0;0;0;0;0;0;0;0
Der-Podz_EL;259;1;0;0;0;0;0;0;0.01;0.09;0.1;0.11;0.12;0.13;0.16;0.203333333;0.28;0.413333333;0.633333333;0.983333333;1.55;2.45;3.753333333;5.31;6.686666667;7.153333333;7.35;6.813333333;6.11;5.406666667;4.773333333;4.226666667;3.77;3.396666667;3.066666667;2.76;2.483333333;2.283333333;2.163333333;2.076666667;1.98;1.866666667;1.72;1.533333333;1.316666667;1.093333333;0.88;0.71;0.563333333;0.44;0.336666667;0.253333333;0.183333333;0.136666667;0.096666667;0.053333333;0.02;0;0;0;0;0;0;0;0;0;0;0;0;0;0;0
Der-Podz_EL;324;1;0;0;0;0;0;0.003333333;0.026666667;0.09;0.1;0.11;0.12;0.136666667;0.163333333;0.21;0.293333333;0.43;0.656666667;1.013333333;1.606666667;2.546666667;3.906666667;5.493333333;6.836666667;7.22;7.34;6.763333333;6.046666667;5.35;4.716666667;4.166666667;3.703333333;3.32;2.99;2.69;2.416666667;2.22;2.103333333;2.02;1.94;1.836666667;1.71;1.533333333;1.323333333;1.103333333;0.9;0.726666667;0.576666667;0.45;0.343333333;0.256666667;0.19;0.136666667;0.096666667;0.066666667;0;0;0;0;0;0;0;0;0;0;0;0;0;0;0;0
Der-Podz_EL;389;1;0;0;0;0;0;0.006666667;0.043333333;0.09;0.1;0.106666667;0.116666667;0.136666667;0.163333333;0.206666667;0.286666667;0.416666667;0.626666667;0.973333333;1.533333333;2.43;3.726666667;5.256666667;6.58;7.006666667;7.21;6.716666667;6.05;5.38;4.766666667;4.233333333;3.793333333;3.423333333;3.093333333;2.783333333;2.496666667;2.283333333;2.156666667;2.073333333;1.986666667;1.886666667;1.753333333;1.583333333;1.373333333;1.15;0.94;0.766666667;0.613333333;0.48;0.366666667;0.276666667;0.21;0.15;0.106666667;0.073333333;0.016666667;0;0;0;0;0;0;0;0;0;0;0;0;0;0;0
Der-Podz_EL;453;1;0;0;0;0;0;0;0.01;0.076666667;0.096666667;0.1;0.11;0.12;0.14;0.176666667;0.243333333;0.363333333;0.56;0.88;1.403333333;2.213333333;3.386666667;4.82;6.16;6.976666667;6.88;6.73;6.116666667;5.46;4.853333333;4.34;3.913333333;3.56;3.236666667;2.913333333;2.623333333;2.413333333;2.283333333;2.193333333;2.1;1.993333333;1.856666667;1.67;1.453333333;1.216666667;1;0.816666667;0.653333333;0.516666667;0.403333333;0.306666667;0.226666667;0.166666667;0.123333333;0.086666667;0.056666667;0;0;0;0;0;0;0;0;0;0;0;0;0;0;0
Der-Podz_EL;583;1;0;0;0;0.003333333;0.026666667;0.026666667;0.033333333;0.096666667;0.11;0.126666667;0.143333333;0.17;0.213333333;0.276666667;0.38;0.526666667;0.74;1.073333333;1.596666667;2.42;3.596666667;5.006666667;6.283333333;7.023333333;6.86;6.693333333;6.066666667;5.39;4.77;4.246666667;3.823333333;3.466666667;3.146666667;2.83;2.54;2.343333333;2.213333333;2.116666667;2.016666667;1.893333333;1.746666667;1.563333333;1.35;1.12;0.91;0.74;0.593333333;0.47;0.363333333;0.273333333;0.21;0.153333333;0.11;0.063333333;0.043333333;0;0;0;0;0;0;0;0;0;0;0;0;0;0;0
Der-Podz_EL;712;1;0;0;0;0;0;0;0.01;0.09;0.1;0.11;0.12;0.13;0.153333333;0.193333333;0.27;0.386666667;0.58;0.89;1.403333333;2.23;3.446666667;4.943333333;6.313333333;7.113333333;6.966666667;6.803333333;6.176666667;5.51;4.88;4.336666667;3.89;3.51;3.173333333;2.843333333;2.546666667;2.346666667;2.216666667;2.123333333;2.026666667;1.916666667;1.77;1.59;1.38;1.16;0.953333333;0.786666667;0.64;0.513333333;0.403333333;0.313333333;0.24;0.18;0.136666667;0.096666667;0.07;0.016666667;0;0;0;0;0;0;0;0;0;0;0;0;0;0
Der-Podz_EL;842;1;0;0;0;0;0;0;0.01;0.083333333;0.096666667;0.1;0.106666667;0.12;0.14;0.176666667;0.24;0.35;0.536666667;0.833333333;1.31;2.066666667;3.196666667;4.626666667;6.023333333;6.936666667;6.946666667;6.863333333;6.273333333;5.623333333;5.01;4.486666667;4.043333333;3.663333333;3.306666667;2.96;2.64;2.433333333;2.303333333;2.206666667;2.106666667;1.983333333;1.83;1.636666667;1.41;1.17;0.95;0.776666667;0.623333333;0.49;0.38;0.293333333;0.22;0.163333333;0.123333333;0.086666667;0.043333333;0;0;0;0;0;0;0;0;0;0;0;0;0;0;0
Der-Podz_EL;971;1;0;0;0;0;0;0.003333333;0.026666667;0.09;0.1;0.106666667;0.116666667;0.136666667;0.16;0.206666667;0.276666667;0.396666667;0.59;0.896666667;1.416666667;2.243333333;3.463333333;4.936666667;6.276666667;7.043333333;6.863333333;6.69;6.06;5.416666667;4.823333333;4.316666667;3.886666667;3.53;3.2;2.876666667;2.583333333;2.38;2.253333333;2.166666667;2.073333333;1.96;1.82;1.64;1.42;1.186666667;0.97;0.8;0.646666667;0.513333333;0.4;0.31;0.236666667;0.176666667;0.13;0.096666667;0.066666667;0.02;0;0;0;0;0;0;0;0;0;0;0;0;0;0
Der-Podz_EL;1101;1;0;0;0;0;0;0.006666667;0.043333333;0.09;0.1;0.11;0.12;0.14;0.16;0.21;0.28;0.393333333;0.58;0.876666667;1.363333333;2.17;3.366666667;4.843333333;6.223333333;7.053333333;6.916666667;6.803333333;6.19;5.526666667;4.906666667;4.36;3.91;3.53;3.19;2.863333333;2.566666667;2.36;2.23;2.136666667;2.043333333;1.933333333;1.79;1.613333333;1.403333333;1.176666667;0.97;0.8;0.65;0.52;0.41;0.32;0.24;0.183333333;0.136666667;0.1;0.07;0.02;0;0;0;0;0;0;0;0;0;0;0;0;0;0
Der-Podz_BT1;65;1;0;0;0;0;0.003333333;0.02;0.026666667;0.086666667;0.103333333;0.11;0.12;0.136666667;0.16;0.196666667;0.253333333;0.34;0.466666667;0.676666667;1.02;1.583333333;2.44;3.586666667;4.836666667;5.84;6.076666667;6.293333333;5.886666667;5.32;4.73;4.226666667;3.84;3.556666667;3.333333333;3.116666667;2.916666667;2.773333333;2.683333333;2.606666667;2.53;2.426666667;2.29;2.116666667;1.903333333;1.66;1.436666667;1.236666667;1.05;0.876666667;0.726666667;0.586666667;0.47;0.37;0.286666667;0.22;0.163333333;0.126666667;0.093333333;0.063333333;0;0;0;0;0;0;0;0;0;0;0;0
Der-Podz_BT1;130;1;0;0;0;0;0;0;0.01;0.08;0.093333333;0.1;0.11;0.126666667;0.146666667;0.176666667;0.233333333;0.316666667;0.456666667;0.676666667;1.036666667;1.63;2.546666667;3.776666667;5.113333333;6.166666667;6.39;6.6;6.156666667;5.553333333;4.926666667;4.376666667;3.94;3.6;3.31;3.026666667;2.77;2.563333333;2.423333333;2.326666667;2.24;2.15;2.046666667;1.913333333;1.736666667;1.543333333;1.346666667;1.18;1.013333333;0.86;0.716666667;0.59;0.48;0.38;0.3;0.233333333;0.176666667;0.136666667;0.103333333;0.073333333;0.02;0;0;0;0;0;0;0;0;0;0;0
Der-Podz_BT1;194;1;0;0;0;0;0;0;0.01;0.08;0.093333333;0.1;0.106666667;0.12;0.14;0.17;0.223333333;0.313333333;0.446666667;0.666666667;1.016666667;1.586666667;2.453333333;3.633333333;4.94;6.023333333;6.41;6.473333333;6.14;5.546666667;4.936666667;4.396666667;3.973333333;3.63;3.34;3.056666667;2.796666667;2.596666667;2.463333333;2.366666667;2.276666667;2.193333333;2.086666667;1.95;1.773333333;1.576666667;1.383333333;1.213333333;1.046666667;0.89;0.74;0.613333333;0.496666667;0.396666667;0.31;0.24;0.186666667;0.143333333;0.103333333;0.076666667;0.053333333;0;0;0;0;0;0;0;0;0;0;0
Der-Podz_BT1;259;1;0;0;0;0;0;0;0.01;0.076666667;0.09;0.1;0.106666667;0.126666667;0.143333333;0.173333333;0.223333333;0.31;0.44;0.653333333;1.01;1.59;2.476666667;3.68;5.01;6.093333333;6.396666667;6.613333333;6.193333333;5.59;4.96;4.406666667;3.973333333;3.626666667;3.33;3.04;2.773333333;2.556666667;2.413333333;2.306666667;2.216666667;2.126666667;2.03;1.903333333;1.74;1.553333333;1.366666667;1.203333333;1.043333333;0.893333333;0.75;0.62;0.503333333;0.406666667;0.32;0.246666667;0.193333333;0.146666667;0.11;0.08;0.053333333;0;0;0;0;0;0;0;0;0;0;0
Der-Podz_BT1;324;1;0;0;0;0;0;0;0.01;0.08;0.09;0.1;0.11;0.12;0.14;0.173333333;0.226666667;0.313333333;0.45;0.666666667;1.026666667;1.613333333;2.52;3.76;5.106666667;6.18;6.526666667;6.553333333;6.21;5.603333333;4.973333333;4.423333333;3.976666667;3.626666667;3.316666667;3.023333333;2.743333333;2.523333333;2.376666667;2.273333333;2.186666667;2.106666667;2.01;1.883333333;1.72;1.533333333;1.346666667;1.18;1.023333333;0.87;0.73;0.6;0.49;0.39;0.306666667;0.24;0.186666667;0.14;0.106666667;0.076666667;0.036666667;0;0;0;0;0;0;0;0;0;0;0
Der-Podz_BT1;389;1;0;0;0;0;0;0;0.01;0.086666667;0.096666667;0.103333333;0.113333333;0.126666667;0.146666667;0.18;0.24;0.323333333;0.46;0.686666667;1.05;1.656666667;2.583333333;3.826666667;5.163333333;6.216666667;6.436666667;6.64;6.2;5.593333333;4.973333333;4.426666667;3.986666667;3.636666667;3.33;3.03;2.746666667;2.523333333;2.37;2.273333333;2.183333333;2.093333333;1.99;1.86;1.69;1.5;1.313333333;1.146666667;0.99;0.836666667;0.696666667;0.576666667;0.466666667;0.373333333;0.296666667;0.23;0.176666667;0.133333333;0.1;0.073333333;0.036666667;0;0;0;0;0;0;0;0;0;0;0
Der-Podz_BT1;453;1;0;0;0;0;0;0.003333333;0.026666667;0.086666667;0.096666667;0.103333333;0.113333333;0.133333333;0.153333333;0.193333333;0.25;0.343333333;0.486666667;0.703333333;1.06;1.65;2.556666667;3.786666667;5.116666667;6.173333333;6.413333333;6.636666667;6.206666667;5.596666667;4.953333333;4.383333333;3.93;3.586666667;3.293333333;3.016666667;2.75;2.536666667;2.393333333;2.293333333;2.21;2.12;2.02;1.883333333;1.713333333;1.523333333;1.326666667;1.163333333;1;0.85;0.71;0.583333333;0.47;0.376666667;0.296666667;0.23;0.173333333;0.133333333;0.1;0.073333333;0.016666667;0;0;0;0;0;0;0;0;0;0;0
Der-Podz_BT1;583;1;0;0;0;0;0;0;0.01;0.076666667;0.09;0.1;0.106666667;0.116666667;0.136666667;0.166666667;0.213333333;0.306666667;0.443333333;0.666666667;1.033333333;1.633333333;2.563333333;3.836666667;5.236666667;6.366666667;6.756666667;6.813333333;6.463333333;5.823333333;5.153333333;4.56;4.076666667;3.693333333;3.36;3.033333333;2.72;2.47;2.3;2.18;2.09;2;1.9;1.773333333;1.606666667;1.42;1.233333333;1.066666667;0.91;0.766666667;0.633333333;0.516666667;0.413333333;0.33;0.253333333;0.196666667;0.146666667;0.11;0.083333333;0.043333333;0;0;0;0;0;0;0;0;0;0;0;0
Der-Podz_BT1;712;1;0;0;0;0;0;0;0.01;0.08;0.093333333;0.1;0.11;0.12;0.143333333;0.17;0.223333333;0.306666667;0.436666667;0.65;1;1.56;2.423333333;3.586666667;4.876666667;5.966666667;6.466666667;6.426666667;6.24;5.673333333;5.063333333;4.51;4.063333333;3.71;3.4;3.1;2.816666667;2.596666667;2.446666667;2.343333333;2.253333333;2.16;2.053333333;1.916666667;1.743333333;1.546666667;1.35;1.18;1.016666667;0.863333333;0.716666667;0.593333333;0.476666667;0.383333333;0.3;0.23;0.18;0.133333333;0.1;0.073333333;0.016666667;0;0;0;0;0;0;0;0;0;0;0
Der-Podz_BT1;842;1;0;0;0;0;0;0;0.01;0.076666667;0.093333333;0.1;0.106666667;0.123333333;0.14;0.17;0.223333333;0.306666667;0.44;0.656666667;1.006666667;1.58;2.47;3.693333333;5.06;6.21;6.716666667;6.64;6.413333333;5.79;5.13;4.543333333;4.073333333;3.7;3.366666667;3.043333333;2.74;2.49;2.316666667;2.206666667;2.11;2.023333333;1.926666667;1.803333333;1.643333333;1.466666667;1.29;1.13;0.976666667;0.83;0.693333333;0.576666667;0.466666667;0.376666667;0.293333333;0.23;0.176666667;0.133333333;0.103333333;0.073333333;0.04;0;0;0;0;0;0;0;0;0;0;0
Der-Podz_BT1;971;1;0;0;0;0;0;0;0.01;0.083333333;0.093333333;0.1;0.11;0.123333333;0.14;0.17;0.226666667;0.306666667;0.44;0.663333333;1.023333333;1.613333333;2.536666667;3.796666667;5.19;6.333333333;6.74;6.79;6.426666667;5.773333333;5.1;4.516666667;4.05;3.683333333;3.356666667;3.03;2.726666667;2.48;2.31;2.19;2.093333333;1.996666667;1.896666667;1.766666667;1.606666667;1.426666667;1.246666667;1.093333333;0.94;0.796666667;0.666666667;0.55;0.446666667;0.356666667;0.283333333;0.22;0.166666667;0.126666667;0.093333333;0.056666667;0.036666667;0;0;0;0;0;0;0;0;0;0;0
Der-Podz_BT1;1101;1;0;0;0;0;0;0;0.01;0.076666667;0.09;0.096666667;0.106666667;0.116666667;0.133333333;0.156666667;0.206666667;0.283333333;0.413333333;0.613333333;0.95;1.496666667;2.35;3.536666667;4.896666667;6.086666667;6.773333333;6.596666667;6.48;5.87;5.213333333;4.626666667;4.16;3.786666667;3.456666667;3.123333333;2.796666667;2.533333333;2.353333333;2.23;2.133333333;2.036666667;1.936666667;1.813333333;1.65;1.47;1.29;1.13;0.973333333;0.826666667;0.69;0.566666667;0.46;0.37;0.293333333;0.226666667;0.173333333;0.13;0.1;0.073333333;0.036666667;0;0;0;0;0;0;0;0;0;0;0
Slitaya_AY;65;1;0;0.006666667;0.043333333;0.066666667;0.12;0.126666667;0.136666667;0.203333333;0.223333333;0.29;0.386666667;0.506666667;0.626666667;0.72;0.793333333;0.866666667;0.99;1.21;1.576666667;2.16;3.016666667;4.126666667;5.346666667;6.393333333;7.013333333;6.88;6.773333333;6.18;5.513333333;4.9;4.393333333;3.97;3.573333333;3.156666667;2.75;2.426666667;2.166666667;1.946666667;1.733333333;1.51;1.286666667;1.056666667;0.83;0.623333333;0.45;0.326666667;0.236666667;0.166666667;0.116666667;0.06;0.023333333;0;0;0;0;0;0;0;0;0;0;0;0;0;0;0;0;0;0;0
Slitaya_AY;130;1;0;0.006666667;0.043333333;0.073333333;0.126666667;0.136666667;0.153333333;0.226666667;0.26;0.333333333;0.446666667;0.57;0.676666667;0.753333333;0.793333333;0.846666667;0.933333333;1.106666667;1.406666667;1.903333333;2.646666667;3.623333333;4.69;5.603333333;6.153333333;6.03;6.083333333;5.693333333;5.256666667;4.853333333;4.533333333;4.273333333;4;3.663333333;3.276666667;2.936666667;2.653333333;2.403333333;2.146666667;1.886666667;1.616666667;1.34;1.066666667;0.813333333;0.596666667;0.446666667;0.323333333;0.233333333;0.16;0.093333333;0.063333333;0.043333333;0;0;0;0;0;0;0;0;0;0;0;0;0;0;0;0;0;0
Slitaya_AY;194;1;0;0;0.01;0.07;0.113333333;0.12;0.136666667;0.2;0.23;0.296666667;0.393333333;0.513333333;0.626666667;0.713333333;0.76;0.803333333;0.89;1.06;1.37;1.87;2.606666667;3.566666667;4.613333333;5.51;6.05;5.89;5.876666667;5.426666667;4.99;4.666666667;4.47;4.343333333;4.173333333;3.896666667;3.533333333;3.216666667;2.933333333;2.663333333;2.38;2.076666667;1.756666667;1.433333333;1.116666667;0.826666667;0.59;0.423333333;0.3;0.203333333;0.14;0.09;0.036666667;0.023333333;0;0;0;0;0;0;0;0;0;0;0;0;0;0;0;0;0;0
Slitaya_AY;259;1;0;0;0.01;0.06;0.103333333;0.106666667;0.123333333;0.18;0.21;0.263333333;0.343333333;0.44;0.54;0.62;0.676666667;0.733333333;0.826666667;1.003333333;1.313333333;1.823333333;2.586666667;3.586666667;4.68;5.586666667;5.8;6.053333333;5.696666667;5.206666667;4.756666667;4.45;4.286666667;4.203333333;4.093333333;3.88;3.573333333;3.27;2.983333333;2.7;2.41;2.116666667;1.823333333;1.536666667;1.256666667;1;0.783333333;0.613333333;0.476666667;0.36;0.273333333;0.203333333;0.15;0.11;0.076666667;0.04;0;0;0;0;0;0;0;0;0;0;0;0;0;0;0;0
Slitaya_AY;324;1;0;0;0.003333333;0.03;0.1;0.106666667;0.12;0.176666667;0.203333333;0.256666667;0.33;0.423333333;0.52;0.596666667;0.653333333;0.713333333;0.81;0.986666667;1.293333333;1.786666667;2.52;3.483333333;4.54;5.43;5.84;5.763333333;5.626666667;5.17;4.733333333;4.413333333;4.236666667;4.153333333;4.063333333;3.883333333;3.613333333;3.323333333;3.046666667;2.78;2.503333333;2.223333333;1.943333333;1.663333333;1.383333333;1.12;0.886666667;0.7;0.533333333;0.406666667;0.3;0.22;0.156666667;0.113333333;0.076666667;0.04;0;0;0;0;0;0;0;0;0;0;0;0;0;0;0;0
Slitaya_AY;389;1;0;0;0.01;0.063333333;0.11;0.113333333;0.13;0.193333333;0.223333333;0.283333333;0.373333333;0.486666667;0.596666667;0.663333333;0.693333333;0.73;0.803333333;0.97;1.27;1.76;2.49;3.45;4.503333333;5.406666667;5.903333333;5.66;5.59;5.106666667;4.646666667;4.313333333;4.133333333;4.056666667;3.983333333;3.833333333;3.593333333;3.33;3.066666667;2.8;2.52;2.23;1.943333333;1.656666667;1.376666667;1.123333333;0.9;0.72;0.57;0.446666667;0.343333333;0.263333333;0.196666667;0.146666667;0.106666667;0.076666667;0.04;0;0;0;0;0;0;0;0;0;0;0;0;0;0;0
Slitaya_AY;453;1;0;0;0.01;0.06;0.1;0.106666667;0.12;0.176666667;0.203333333;0.253333333;0.326666667;0.416666667;0.503333333;0.57;0.616666667;0.67;0.763333333;0.936666667;1.233333333;1.72;2.446666667;3.423333333;4.506666667;5.443333333;5.89;5.823333333;5.636666667;5.136666667;4.663333333;4.323333333;4.133333333;4.043333333;3.963333333;3.816666667;3.586666667;3.336666667;3.093333333;2.846666667;2.586666667;2.31;2.026666667;1.743333333;1.456666667;1.183333333;0.943333333;0.75;0.58;0.443333333;0.336666667;0.25;0.183333333;0.13;0.093333333;0.063333333;0.02;0;0;0;0;0;0;0;0;0;0;0;0;0;0;0
Slitaya_AY;583;1;0;0;0.01;0.06;0.1;0.106666667;0.12;0.18;0.206666667;0.26;0.34;0.43;0.52;0.586666667;0.626666667;0.676666667;0.766666667;0.933333333;1.23;1.716666667;2.456666667;3.46;4.596666667;5.57;5.93;5.986666667;5.673333333;5.116666667;4.6;4.226666667;4.01;3.903333333;3.813333333;3.673333333;3.466666667;3.253333333;3.053333333;2.85;2.62;2.363333333;2.1;1.82;1.526666667;1.236666667;0.976666667;0.77;0.593333333;0.446666667;0.333333333;0.246666667;0.18;0.123333333;0.076666667;0.053333333;0.023333333;0;0;0;0;0;0;0;0;0;0;0;0;0;0;0
Slitaya_AY;712;1;0;0;0.003333333;0.026666667;0.09;0.093333333;0.106666667;0.156666667;0.18;0.22;0.276666667;0.356666667;0.436666667;0.516666667;0.58;0.646666667;0.743333333;0.9;1.186666667;1.676666667;2.426666667;3.453333333;4.613333333;5.61;5.99;6.09;5.79;5.23;4.693333333;4.29;4.046666667;3.92;3.813333333;3.65;3.433333333;3.213333333;3.016666667;2.816666667;2.586666667;2.336666667;2.07;1.8;1.513333333;1.24;0.996666667;0.793333333;0.63;0.486666667;0.373333333;0.28;0.21;0.153333333;0.113333333;0.083333333;0.04;0;0;0;0;0;0;0;0;0;0;0;0;0;0;0
Slitaya_AY;842;1;0;0;0.006666667;0.043333333;0.1;0.106666667;0.116666667;0.176666667;0.196666667;0.246666667;0.316666667;0.393333333;0.473333333;0.52;0.55;0.586666667;0.673333333;0.836666667;1.126666667;1.62;2.366666667;3.393333333;4.573333333;5.613333333;6.013333333;6.123333333;5.81;5.22;4.666666667;4.256666667;4.006666667;3.86;3.736666667;3.56;3.336666667;3.126666667;2.946666667;2.773333333;2.576666667;2.356666667;2.123333333;1.866666667;1.596666667;1.333333333;1.093333333;0.883333333;0.703333333;0.55;0.423333333;0.323333333;0.24;0.176666667;0.126666667;0.09;0.063333333;0;0;0;0;0;0;0;0;0;0;0;0;0;0;0
Slitaya_AY;971;1;0;0;0;0.003333333;0.03;0.036666667;0.073333333;0.11;0.13;0.146666667;0.17;0.203333333;0.243333333;0.296666667;0.366666667;0.46;0.59;0.783333333;1.076666667;1.553333333;2.32;3.4;4.67;5.79;6.333333333;6.25;5.99;5.383333333;4.816666667;4.393333333;4.123333333;3.963333333;3.823333333;3.626666667;3.39;3.176666667;3.013333333;2.853333333;2.676666667;2.46;2.22;1.95;1.646666667;1.346666667;1.07;0.836666667;0.643333333;0.483333333;0.36;0.26;0.183333333;0.126666667;0.073333333;0.05;0.023333333;0;0;0;0;0;0;0;0;0;0;0;0;0;0;0
Slitaya_AY;1101;1;0;0;0.003333333;0.026666667;0.096666667;0.1;0.116666667;0.17;0.193333333;0.24;0.31;0.396666667;0.476666667;0.546666667;0.596666667;0.65;0.743333333;0.91;1.206666667;1.693333333;2.443333333;3.456666667;4.613333333;5.623333333;6.083333333;6.023333333;5.803333333;5.226666667;4.673333333;4.26;4.003333333;3.853333333;3.726666667;3.55;3.33;3.12;2.933333333;2.753333333;2.546666667;2.313333333;2.073333333;1.813333333;1.543333333;1.28;1.043333333;0.843333333;0.67;0.526666667;0.406666667;0.31;0.23;0.17;0.126666667;0.086666667;0.043333333;0.02;0;0;0;0;0;0;0;0;0;0;0;0;0;0
Slitaya_AEL;65;1;0;0;0;0;0;0;0.01;0.09;0.1;0.1;0.11;0.13;0.15;0.18;0.24;0.32;0.45;0.64;0.94;1.45;2.27;3.47;4.9;6.18;6.89;6.68;6.39;5.7;5.07;4.6;4.31;4.12;3.95;3.73;3.44;3.17;2.96;2.78;2.59;2.37;2.12;1.82;1.5;1.18;0.89;0.66;0.48;0.33;0.23;0.15;0.1;0.06;0;0;0;0;0;0;0;0;0;0;0;0;0;0;0;0;0;0
Slitaya_AEL;130;1;0;0;0;0;0;0;0.01;0.09;0.1;0.11;0.12;0.14;0.16;0.2;0.25;0.34;0.45;0.63;0.92;1.42;2.25;3.49;4.99;6.33;6.79;6.96;6.36;5.59;4.91;4.42;4.11;3.93;3.78;3.59;3.35;3.15;3;2.87;2.71;2.52;2.27;1.97;1.62;1.26;0.94;0.68;0.48;0.32;0.21;0.13;0.08;0;0;0;0;0;0;0;0;0;0;0;0;0;0;0;0;0;0;0
Slitaya_AEL;194;1;0;0;0;0;0;0;0.01;0.08;0.1;0.1;0.11;0.13;0.15;0.18;0.23;0.31;0.43;0.62;0.92;1.42;2.25;3.48;4.96;6.29;6.78;6.96;6.36;5.58;4.87;4.35;4.03;3.84;3.67;3.47;3.24;3.05;2.94;2.85;2.74;2.58;2.36;2.07;1.73;1.38;1.05;0.78;0.56;0.39;0.26;0.17;0.11;0.06;0;0;0;0;0;0;0;0;0;0;0;0;0;0;0;0;0;0
Slitaya_AEL;259;1;0;0;0;0;0;0;0.01;0.09;0.1;0.11;0.12;0.14;0.16;0.2;0.26;0.34;0.46;0.65;0.95;1.47;2.35;3.65;5.22;6.6;7.1;7.14;6.42;5.56;4.83;4.31;3.98;3.76;3.56;3.33;3.08;2.85;2.69;2.58;2.45;2.31;2.13;1.91;1.65;1.37;1.1;0.87;0.67;0.5;0.36;0.25;0.17;0.12;0.07;0;0;0;0;0;0;0;0;0;0;0;0;0;0;0;0;0
Slitaya_AEL;324;1;0;0;0;0;0;0;0.01;0.09;0.1;0.1;0.11;0.13;0.15;0.18;0.23;0.31;0.43;0.62;0.93;1.45;2.3;3.58;5.13;6.55;7.09;7.25;6.57;5.7;4.92;4.37;4.01;3.78;3.58;3.35;3.11;2.95;2.84;2.74;2.6;2.41;2.17;1.88;1.56;1.24;0.95;0.74;0.56;0.41;0.3;0.21;0.15;0.1;0.06;0;0;0;0;0;0;0;0;0;0;0;0;0;0;0;0;0
Slitaya_AEL;389;1;0;0;0;0;0;0;0.01;0.07;0.09;0.09;0.1;0.11;0.13;0.15;0.19;0.27;0.38;0.57;0.87;1.38;2.23;3.5;5.07;6.51;7.01;7.19;6.51;5.65;4.9;4.35;3.99;3.73;3.51;3.27;3.02;2.83;2.7;2.59;2.47;2.32;2.14;1.92;1.66;1.4;1.16;0.95;0.77;0.61;0.47;0.36;0.27;0.2;0.15;0.11;0.07;0;0;0;0;0;0;0;0;0;0;0;0;0;0;0
Slitaya_AEL;453;1;0;0;0;0;0;0;0.01;0.08;0.09;0.1;0.11;0.12;0.14;0.17;0.22;0.3;0.41;0.57;0.85;1.32;2.14;3.4;5;6.48;7.07;7.24;6.58;5.73;4.97;4.41;4.02;3.74;3.49;3.23;2.96;2.77;2.64;2.54;2.43;2.29;2.12;1.91;1.67;1.41;1.17;0.96;0.78;0.62;0.49;0.37;0.28;0.21;0.15;0.11;0.08;0.05;0;0;0;0;0;0;0;0;0;0;0;0;0;0
Slitaya_AEL;583;1;0;0;0;0;0;0;0.01;0.07;0.09;0.09;0.1;0.11;0.13;0.15;0.19;0.26;0.37;0.55;0.85;1.36;2.21;3.49;5.08;6.57;7.14;7.35;6.66;5.76;4.97;4.4;4.02;3.74;3.48;3.2;2.92;2.71;2.57;2.47;2.37;2.24;2.09;1.89;1.65;1.4;1.16;0.96;0.78;0.62;0.49;0.38;0.29;0.21;0.16;0.11;0.08;0.05;0;0;0;0;0;0;0;0;0;0;0;0;0;0
Slitaya_AEL;712;1;0;0;0;0;0;0;0.01;0.07;0.09;0.1;0.1;0.12;0.13;0.16;0.2;0.27;0.39;0.57;0.87;1.38;2.24;3.55;5.18;6.7;7.29;7.45;6.72;5.79;4.97;4.37;3.95;3.65;3.39;3.11;2.84;2.64;2.51;2.42;2.32;2.2;2.06;1.87;1.63;1.38;1.15;0.96;0.78;0.62;0.49;0.38;0.29;0.22;0.16;0.12;0.08;0.06;0;0;0;0;0;0;0;0;0;0;0;0;0;0
Slitaya_AEL;842;1;0;0;0;0;0;0;0.01;0.07;0.08;0.09;0.1;0.1;0.12;0.14;0.18;0.24;0.35;0.53;0.82;1.32;2.17;3.47;5.13;6.67;7.26;7.45;6.75;5.85;5.05;4.45;4.03;3.72;3.44;3.15;2.86;2.63;2.48;2.38;2.28;2.17;2.04;1.86;1.64;1.4;1.17;0.98;0.81;0.65;0.52;0.4;0.31;0.23;0.17;0.13;0.09;0.06;0;0;0;0;0;0;0;0;0;0;0;0;0;0
Slitaya_AEL;971;1;0;0;0;0;0;0;0.01;0.07;0.09;0.09;0.1;0.11;0.12;0.15;0.19;0.26;0.37;0.55;0.85;1.37;2.24;3.56;5.22;6.76;7.34;7.47;6.71;5.77;4.96;4.38;3.98;3.69;3.4;3.1;2.8;2.56;2.42;2.33;2.25;2.16;2.04;1.88;1.67;1.44;1.21;1.01;0.82;0.66;0.52;0.4;0.3;0.22;0.16;0.11;0.08;0.05;0;0;0;0;0;0;0;0;0;0;0;0;0;0
Slitaya_AEL;1101;1;0;0;0;0;0;0;0.01;0.07;0.09;0.09;0.1;0.11;0.12;0.14;0.18;0.25;0.36;0.52;0.8;1.29;2.12;3.42;5.07;6.65;7.31;7.49;6.76;5.83;5.02;4.44;4.04;3.75;3.47;3.15;2.84;2.61;2.46;2.36;2.26;2.16;2.03;1.86;1.65;1.42;1.2;1;0.83;0.67;0.54;0.42;0.32;0.24;0.18;0.13;0.1;0.07;0;0;0;0;0;0;0;0;0;0;0;0;0;0
Slitaya_BT1;65;1;0;0;0;0;0;0;0.01;0.07;0.09;0.1;0.11;0.12;0.14;0.17;0.21;0.28;0.39;0.56;0.84;1.31;2.09;3.24;4.65;5.91;6.35;6.53;5.96;5.23;4.59;4.15;3.91;3.82;3.77;3.69;3.55;3.43;3.3;3.15;2.93;2.68;2.39;2.08;1.76;1.45;1.18;0.95;0.75;0.59;0.45;0.34;0.25;0.19;0.13;0.1;0.06;0;0;0;0;0;0;0;0;0;0;0;0;0;0;0
Slitaya_BT1;130;1;0;0;0;0;0;0;0.01;0.07;0.09;0.1;0.11;0.12;0.14;0.17;0.21;0.29;0.39;0.56;0.85;1.34;2.17;3.42;4.96;6.35;6.84;6.95;6.24;5.36;4.6;4.05;3.71;3.5;3.35;3.21;3.07;2.96;2.87;2.79;2.67;2.51;2.32;2.09;1.82;1.56;1.31;1.1;0.9;0.73;0.58;0.45;0.35;0.26;0.19;0.14;0.1;0.07;0;0;0;0;0;0;0;0;0;0;0;0;0;0
Slitaya_BT1;194;1;0;0;0;0;0;0;0.01;0.07;0.09;0.1;0.1;0.11;0.13;0.16;0.2;0.27;0.38;0.55;0.85;1.36;2.2;3.45;4.99;6.38;6.86;7;6.31;5.45;4.68;4.12;3.76;3.52;3.33;3.12;2.92;2.77;2.69;2.63;2.55;2.43;2.27;2.07;1.83;1.58;1.34;1.14;0.95;0.78;0.63;0.5;0.39;0.3;0.23;0.17;0.13;0.09;0.06;0;0;0;0;0;0;0;0;0;0;0;0;0
Slitaya_BT1;259;1;0;0;0;0;0;0;0.01;0.07;0.09;0.09;0.1;0.11;0.13;0.15;0.19;0.25;0.36;0.53;0.83;1.35;2.22;3.53;5.19;6.73;7.31;7.44;6.66;5.68;4.83;4.2;3.77;3.47;3.21;2.95;2.7;2.51;2.4;2.33;2.26;2.17;2.06;1.91;1.72;1.5;1.3;1.12;0.95;0.8;0.66;0.53;0.43;0.34;0.26;0.2;0.15;0.11;0.08;0.06;0;0;0;0;0;0;0;0;0;0;0;0
Slitaya_BT1;324;1;0;0;0;0;0;0;0.01;0.07;0.09;0.1;0.11;0.12;0.13;0.16;0.2;0.27;0.38;0.55;0.84;1.35;2.23;3.59;5.28;6.81;7.32;7.46;6.69;5.72;4.85;4.22;3.78;3.47;3.2;2.92;2.65;2.45;2.31;2.22;2.15;2.07;1.97;1.84;1.66;1.47;1.29;1.13;0.97;0.83;0.69;0.57;0.46;0.37;0.29;0.22;0.17;0.13;0.1;0.07;0;0;0;0;0;0;0;0;0;0;0;0
Slitaya_BT1;389;1;0;0;0;0;0;0;0.01;0.07;0.09;0.09;0.1;0.11;0.13;0.15;0.2;0.27;0.38;0.57;0.88;1.41;2.31;3.69;5.41;6.96;7.46;7.51;6.68;5.71;4.88;4.26;3.83;3.49;3.18;2.87;2.59;2.37;2.24;2.16;2.09;2.02;1.93;1.81;1.64;1.45;1.26;1.1;0.94;0.8;0.66;0.54;0.44;0.35;0.27;0.21;0.16;0.12;0.09;0.06;0;0;0;0;0;0;0;0;0;0;0;0
Slitaya_BT1;453;1;0;0;0;0;0;0;0.01;0.08;0.09;0.1;0.11;0.12;0.14;0.17;0.22;0.29;0.4;0.58;0.88;1.41;2.3;3.69;5.44;7.05;7.61;7.68;6.82;5.8;4.94;4.31;3.86;3.51;3.18;2.85;2.55;2.33;2.22;2.15;2.1;2.03;1.93;1.8;1.62;1.41;1.21;1.03;0.87;0.72;0.59;0.47;0.37;0.29;0.22;0.17;0.13;0.09;0.06;0;0;0;0;0;0;0;0;0;0;0;0;0
Slitaya_BT1;583;1;0;0;0;0;0;0;0.01;0.07;0.09;0.09;0.1;0.11;0.12;0.14;0.18;0.25;0.35;0.52;0.82;1.33;2.19;3.52;5.23;6.85;7.52;7.74;6.98;5.99;5.11;4.45;3.98;3.62;3.29;2.94;2.62;2.37;2.21;2.11;2.03;1.96;1.87;1.75;1.58;1.39;1.2;1.04;0.89;0.74;0.61;0.5;0.4;0.32;0.25;0.19;0.14;0.11;0.08;0.05;0;0;0;0;0;0;0;0;0;0;0;0
Slitaya_BT1;712;1;0;0;0;0;0;0;0.01;0.07;0.09;0.1;0.1;0.11;0.13;0.16;0.2;0.27;0.38;0.56;0.87;1.42;2.37;3.82;5.6;7.17;7.68;7.69;6.85;5.87;5.01;4.35;3.87;3.49;3.16;2.83;2.51;2.25;2.09;2;1.94;1.89;1.82;1.72;1.57;1.39;1.21;1.05;0.9;0.75;0.62;0.51;0.41;0.32;0.25;0.19;0.14;0.11;0.08;0.05;0;0;0;0;0;0;0;0;0;0;0;0
Slitaya_BT1;842;1;0;0;0;0;0;0;0.01;0.09;0.1;0.1;0.11;0.13;0.15;0.18;0.23;0.29;0.39;0.56;0.84;1.35;2.24;3.62;5.35;6.96;7.56;7.73;6.96;5.97;5.09;4.41;3.93;3.55;3.21;2.86;2.54;2.29;2.12;2.02;1.94;1.87;1.8;1.69;1.55;1.38;1.21;1.06;0.91;0.78;0.65;0.53;0.43;0.35;0.27;0.21;0.16;0.12;0.09;0.06;0;0;0;0;0;0;0;0;0;0;0;0
Slitaya_BT1;971;1;0;0;0;0;0;0;0.01;0.07;0.08;0.09;0.1;0.1;0.11;0.14;0.17;0.23;0.33;0.5;0.78;1.27;2.11;3.45;5.22;6.92;7.63;7.81;7.03;6.04;5.18;4.52;4.05;3.68;3.32;2.96;2.62;2.33;2.15;2.04;1.96;1.89;1.81;1.7;1.55;1.38;1.2;1.05;0.9;0.76;0.63;0.51;0.42;0.33;0.26;0.2;0.15;0.11;0.09;0.06;0;0;0;0;0;0;0;0;0;0;0;0
Slitaya_BT1;1101;1;0;0;0;0;0;0;0.01;0.07;0.08;0.09;0.09;0.1;0.11;0.14;0.17;0.24;0.35;0.53;0.83;1.35;2.24;3.63;5.4;7.06;7.75;7.85;7.03;6;5.11;4.45;4;3.65;3.31;2.95;2.61;2.36;2.21;2.11;2.03;1.95;1.85;1.71;1.53;1.33;1.13;0.96;0.8;0.66;0.54;0.43;0.34;0.26;0.2;0.15;0.11;0.08;0.06;0;0;0;0;0;0;0;0;0;0;0;0;0
Chernozem_AY;65;1;0;0.006666667;0.043333333;0.066666667;0.123333333;0.13;0.15;0.22;0.256666667;0.33;0.43;0.55;0.663333333;0.763333333;0.85;0.95;1.093333333;1.326666667;1.686666667;2.226666667;2.966666667;3.856666667;4.756666667;5.483333333;5.9;5.67;5.7;5.273333333;4.806666667;4.4;4.093333333;3.87;3.663333333;3.426666667;3.16;2.916666667;2.71;2.51;2.3;2.06;1.81;1.55;1.286666667;1.026666667;0.803333333;0.616666667;0.466666667;0.346666667;0.25;0.18;0.126666667;0.09;0.056666667;0;0;0;0;0;0;0;0;0;0;0;0;0;0;0;0;0
Chernozem_AY;130;1;0;0;0;0.01;0.09;0.093333333;0.103333333;0.156666667;0.18;0.22;0.28;0.36;0.456666667;0.563333333;0.673333333;0.8;0.95;1.163333333;1.473333333;1.913333333;2.5;3.22;3.986666667;4.666666667;5.13;5.026666667;5.183333333;4.91;4.593333333;4.33;4.17;4.096666667;4.033333333;3.913333333;3.733333333;3.553333333;3.37;3.153333333;2.896666667;2.603333333;2.29;1.97;1.643333333;1.333333333;1.06;0.836666667;0.65;0.496666667;0.373333333;0.276666667;0.2;0.143333333;0.1;0.07;0;0;0;0;0;0;0;0;0;0;0;0;0;0;0;0
Chernozem_AY;194;1;0;0;0;0.01;0.09;0.096666667;0.106666667;0.163333333;0.186666667;0.23;0.296666667;0.386666667;0.5;0.613333333;0.72;0.82;0.936666667;1.116666667;1.393333333;1.81;2.39;3.11;3.876666667;4.533333333;4.936666667;4.776666667;4.886666667;4.6;4.296666667;4.063333333;3.946666667;3.936666667;3.946666667;3.91;3.803333333;3.673333333;3.533333333;3.34;3.09;2.793333333;2.48;2.15;1.82;1.5;1.216666667;0.976666667;0.773333333;0.6;0.46;0.35;0.26;0.19;0.136666667;0.1;0.066666667;0;0;0;0;0;0;0;0;0;0;0;0;0;0;0
Chernozem_AY;259;1;0;0;0;0.01;0.09;0.093333333;0.103333333;0.16;0.183333333;0.226666667;0.286666667;0.36;0.45;0.526666667;0.603333333;0.683333333;0.803333333;0.986666667;1.266666667;1.676666667;2.246666667;2.956666667;3.73;4.416666667;4.86;4.73;4.856666667;4.56;4.246666667;4.013333333;3.9;3.9;3.93;3.92;3.853333333;3.763333333;3.643333333;3.466666667;3.226666667;2.933333333;2.62;2.29;1.95;1.623333333;1.33;1.086666667;0.87;0.683333333;0.53;0.41;0.303333333;0.223333333;0.163333333;0.116666667;0.083333333;0.053333333;0;0;0;0;0;0;0;0;0;0;0;0;0;0
Chernozem_AY;324;1;0;0;0;0.01;0.066666667;0.07;0.076666667;0.116666667;0.136666667;0.156666667;0.186666667;0.233333333;0.3;0.396666667;0.513333333;0.65;0.803333333;0.98;1.223333333;1.586666667;2.12;2.833333333;3.65;4.403333333;4.916666667;4.82;4.923333333;4.6;4.256666667;4.006666667;3.886666667;3.873333333;3.896666667;3.883333333;3.826666667;3.76;3.673333333;3.543333333;3.34;3.076666667;2.783333333;2.45;2.096666667;1.743333333;1.413333333;1.143333333;0.906666667;0.71;0.55;0.416666667;0.313333333;0.23;0.17;0.123333333;0.09;0.063333333;0;0;0;0;0;0;0;0;0;0;0;0;0;0
Chernozem_AY;389;1;0;0;0;0.01;0.06;0.06;0.07;0.106666667;0.12;0.14;0.16;0.193333333;0.25;0.336666667;0.46;0.616666667;0.796666667;0.993333333;1.246666667;1.62;2.166666667;2.886666667;3.703333333;4.446666667;4.933333333;4.796666667;4.933333333;4.616666667;4.27;4.006666667;3.86;3.81;3.806666667;3.78;3.72;3.673333333;3.62;3.506666667;3.323333333;3.073333333;2.793333333;2.483333333;2.146666667;1.806666667;1.496666667;1.223333333;0.986666667;0.776666667;0.6;0.46;0.34;0.25;0.18;0.13;0.093333333;0.06;0;0;0;0;0;0;0;0;0;0;0;0;0;0
Chernozem_AY;453;1;0;0;0;0.01;0.063333333;0.066666667;0.07;0.113333333;0.126666667;0.146666667;0.17;0.21;0.273333333;0.38;0.526666667;0.706666667;0.89;1.083333333;1.316666667;1.666666667;2.18;2.88;3.7;4.473333333;5.006666667;4.92;5.036666667;4.69;4.306666667;4.003333333;3.82;3.743333333;3.706666667;3.653333333;3.573333333;3.523333333;3.48;3.403333333;3.246666667;3.023333333;2.766666667;2.466666667;2.14;1.806666667;1.493333333;1.226666667;0.99;0.78;0.61;0.463333333;0.343333333;0.253333333;0.183333333;0.13;0.09;0.046666667;0.02;0;0;0;0;0;0;0;0;0;0;0;0;0
Chernozem_AY;583;1;0;0;0;0.006666667;0.043333333;0.06;0.063333333;0.103333333;0.116666667;0.13;0.15;0.176666667;0.223333333;0.293333333;0.393333333;0.52;0.673333333;0.856666667;1.11;1.486666667;2.05;2.806666667;3.683333333;4.5;5.06;4.996666667;5.1;4.756666667;4.376666667;4.07;3.883333333;3.783333333;3.72;3.63;3.526666667;3.463333333;3.426666667;3.36;3.23;3.04;2.81;2.54;2.226666667;1.903333333;1.6;1.34;1.103333333;0.893333333;0.71;0.556666667;0.426666667;0.323333333;0.24;0.18;0.126666667;0.09;0.06;0;0;0;0;0;0;0;0;0;0;0;0;0
Chernozem_AY;712;1;0;0;0;0.01;0.066666667;0.066666667;0.07;0.113333333;0.13;0.15;0.176666667;0.213333333;0.263333333;0.336666667;0.423333333;0.526666667;0.65;0.813333333;1.056666667;1.433333333;1.996666667;2.766666667;3.663333333;4.516666667;5.103333333;5.026666667;5.156666667;4.806666667;4.416666667;4.093333333;3.886666667;3.77;3.69;3.583333333;3.456666667;3.38;3.33;3.273333333;3.16;2.99;2.78;2.52;2.22;1.91;1.613333333;1.36;1.13;0.923333333;0.743333333;0.586666667;0.46;0.353333333;0.266666667;0.2;0.146666667;0.106666667;0.073333333;0.04;0;0;0;0;0;0;0;0;0;0;0;0
Chernozem_AY;842;1;0;0;0;0.006666667;0.04;0.043333333;0.063333333;0.096666667;0.113333333;0.126666667;0.143333333;0.173333333;0.213333333;0.276666667;0.366666667;0.483333333;0.623333333;0.796666667;1.036666667;1.4;1.953333333;2.71;3.623333333;4.513333333;5.15;5.1;5.25;4.886666667;4.473333333;4.143333333;3.923333333;3.8;3.7;3.573333333;3.43;3.32;3.256666667;3.19;3.086666667;2.97;2.866666667;2.633333333;2.263333333;1.916666667;1.616666667;1.373333333;1.15;0.95;0.77;0.613333333;0.483333333;0.376666667;0.286666667;0.216666667;0.16;0.12;0.086666667;0.06;0;0;0;0;0;0;0;0;0;0;0;0
Chernozem_AY;971;1;0;0;0;0;0.006666667;0.043333333;0.06;0.09;0.11;0.12;0.136666667;0.156666667;0.196666667;0.246666667;0.323333333;0.423333333;0.56;0.726666667;0.966666667;1.336666667;1.883333333;2.643333333;3.556666667;4.453333333;5.103333333;5.09;5.253333333;4.916666667;4.523333333;4.19;3.97;3.84;3.74;3.61;3.453333333;3.333333333;3.26;3.19;3.09;2.95;2.776666667;2.556666667;2.286666667;1.99;1.71;1.46;1.226666667;1.02;0.826666667;0.66;0.523333333;0.403333333;0.313333333;0.233333333;0.176666667;0.126666667;0.093333333;0.063333333;0;0;0;0;0;0;0;0;0;0;0;0
Chernozem_AY;1101;1;0;0;0;0.003333333;0.026666667;0.06;0.06;0.093333333;0.11;0.12;0.14;0.16;0.196666667;0.253333333;0.33;0.436666667;0.576666667;0.746666667;0.98;1.343333333;1.88;2.643333333;3.573333333;4.486666667;5.15;5.133333333;5.29;4.953333333;4.566666667;4.233333333;4.01;3.866666667;3.746666667;3.59;3.413333333;3.276666667;3.2;3.136666667;3.05;2.926666667;2.77;2.55;2.283333333;1.983333333;1.69;1.44;1.206666667;0.993333333;0.806666667;0.646666667;0.506666667;0.393333333;0.303333333;0.223333333;0.166666667;0.123333333;0.09;0.06;0;0;0;0;0;0;0;0;0;0;0;0
Chernozem_Aca;65;1;0;0;0;0;0;0;0.01;0.07;0.09;0.1;0.11;0.12;0.13;0.16;0.2;0.27;0.37;0.53;0.78;1.18;1.81;2.74;3.9;5.06;5.89;5.92;6;5.56;5.1;4.73;4.51;4.39;4.27;4.1;3.86;3.63;3.46;3.3;3.1;2.86;2.56;2.22;1.84;1.45;1.11;0.83;0.6;0.42;0.28;0.19;0.12;0.07;0;0;0;0;0;0;0;0;0;0;0;0;0;0;0;0;0;0
Chernozem_Aca;130;1;0;0;0;0;0;0;0.01;0.06;0.08;0.09;0.09;0.1;0.11;0.13;0.16;0.22;0.32;0.47;0.72;1.1;1.7;2.55;3.6;4.67;5.45;5.48;5.54;5.09;4.64;4.32;4.17;4.14;4.11;4.03;3.89;3.77;3.68;3.56;3.39;3.15;2.87;2.53;2.16;1.79;1.44;1.16;0.91;0.7;0.53;0.4;0.29;0.22;0.16;0.11;0.08;0.06;0;0;0;0;0;0;0;0;0;0;0;0;0;0
Chernozem_Aca;194;1;0;0;0;0;0;0;0.01;0.08;0.1;0.11;0.12;0.13;0.15;0.19;0.24;0.31;0.42;0.57;0.8;1.18;1.8;2.71;3.83;4.93;5.66;5.59;5.59;5.06;4.51;4.11;3.88;3.8;3.76;3.68;3.55;3.47;3.42;3.37;3.26;3.09;2.86;2.57;2.24;1.89;1.56;1.29;1.04;0.82;0.64;0.49;0.36;0.27;0.19;0.14;0.1;0.06;0;0;0;0;0;0;0;0;0;0;0;0;0;0
Chernozem_Aca;259;1;0;0;0;0;0;0;0.01;0.07;0.09;0.09;0.1;0.11;0.13;0.15;0.19;0.26;0.36;0.51;0.75;1.15;1.79;2.73;3.9;5.03;5.76;5.65;5.54;4.98;4.44;4.06;3.84;3.75;3.69;3.6;3.48;3.4;3.35;3.29;3.18;3.02;2.8;2.54;2.23;1.91;1.62;1.36;1.13;0.93;0.75;0.59;0.47;0.36;0.27;0.2;0.15;0.11;0.08;0.05;0;0;0;0;0;0;0;0;0;0;0;0
Chernozem_Aca;324;1;0;0;0;0;0;0;0.01;0.07;0.08;0.09;0.1;0.11;0.12;0.14;0.18;0.25;0.35;0.5;0.74;1.14;1.77;2.71;3.9;5.09;5.9;5.8;5.7;5.08;4.48;4.05;3.8;3.66;3.56;3.43;3.3;3.22;3.19;3.15;3.07;2.95;2.78;2.55;2.27;1.97;1.69;1.44;1.21;1;0.82;0.66;0.52;0.4;0.31;0.23;0.18;0.13;0.09;0.06;0;0;0;0;0;0;0;0;0;0;0;0
Chernozem_Aca;389;1;0;0;0;0;0;0;0.01;0.06;0.08;0.08;0.09;0.09;0.1;0.12;0.16;0.22;0.32;0.48;0.73;1.14;1.78;2.75;3.97;5.16;5.93;5.84;5.69;5.06;4.46;4.02;3.77;3.64;3.55;3.43;3.28;3.18;3.13;3.09;3.03;2.91;2.76;2.55;2.29;2;1.72;1.47;1.25;1.04;0.85;0.68;0.54;0.42;0.33;0.25;0.19;0.14;0.1;0.07;0;0;0;0;0;0;0;0;0;0;0;0
Chernozem_Aca;453;1;0;0;0;0;0;0;0.01;0.07;0.08;0.09;0.1;0.11;0.12;0.14;0.18;0.24;0.34;0.48;0.71;1.08;1.69;2.64;3.87;5.13;5.99;5.9;5.81;5.16;4.52;4.05;3.77;3.62;3.52;3.39;3.24;3.13;3.07;3.03;2.97;2.87;2.73;2.54;2.29;2.01;1.73;1.49;1.27;1.06;0.87;0.7;0.56;0.44;0.34;0.26;0.2;0.15;0.11;0.08;0.05;0;0;0;0;0;0;0;0;0;0;0
Chernozem_Aca;583;1;0;0;0;0;0;0;0.01;0.07;0.08;0.09;0.1;0.1;0.12;0.14;0.17;0.24;0.34;0.5;0.76;1.18;1.85;2.85;4.13;5.39;6.19;6.02;5.81;5.1;4.45;3.99;3.72;3.56;3.43;3.28;3.12;3;2.94;2.91;2.85;2.77;2.66;2.49;2.26;1.99;1.72;1.49;1.26;1.06;0.87;0.71;0.57;0.45;0.35;0.27;0.2;0.15;0.11;0.08;0.05;0;0;0;0;0;0;0;0;0;0;0
Chernozem_Aca;712;1;0;0;0;0;0;0;0.01;0.06;0.08;0.08;0.09;0.09;0.1;0.12;0.15;0.21;0.3;0.45;0.69;1.08;1.73;2.75;4.08;5.42;6.28;6.12;5.95;5.24;4.58;4.1;3.8;3.62;3.46;3.28;3.09;2.95;2.87;2.83;2.79;2.72;2.62;2.46;2.24;1.99;1.73;1.5;1.28;1.08;0.89;0.73;0.58;0.46;0.36;0.28;0.21;0.16;0.12;0.08;0.06;0;0;0;0;0;0;0;0;0;0;0
Chernozem_Aca;842;1;0;0;0;0;0;0;0.01;0.06;0.08;0.09;0.1;0.1;0.12;0.14;0.18;0.24;0.33;0.48;0.7;1.08;1.72;2.69;3.97;5.27;6.18;6.15;6.05;5.37;4.69;4.18;3.86;3.66;3.49;3.29;3.08;2.93;2.86;2.81;2.76;2.69;2.58;2.43;2.22;1.97;1.71;1.48;1.27;1.06;0.88;0.72;0.58;0.46;0.35;0.27;0.21;0.15;0.11;0.08;0.06;0;0;0;0;0;0;0;0;0;0;0
Chernozem_Aca;971;1;0;0;0;0;0;0;0.01;0.06;0.08;0.08;0.09;0.09;0.1;0.12;0.16;0.22;0.32;0.48;0.73;1.14;1.8;2.81;4.14;5.48;6.39;6.3;6.11;5.37;4.68;4.16;3.83;3.61;3.42;3.2;2.98;2.83;2.74;2.69;2.64;2.57;2.46;2.32;2.11;1.87;1.63;1.42;1.22;1.04;0.87;0.73;0.6;0.49;0.4;0.32;0.26;0.21;0.17;0.13;0.11;0.09;0.07;0.05;0;0;0;0;0;0;0;0
Chernozem_Aca;1101;1;0;0;0;0;0;0;0.01;0.07;0.08;0.09;0.1;0.1;0.12;0.14;0.18;0.24;0.33;0.48;0.72;1.11;1.78;2.81;4.15;5.5;6.4;6.27;6.15;5.41;4.68;4.12;3.78;3.57;3.41;3.22;3.02;2.85;2.76;2.71;2.67;2.61;2.52;2.37;2.17;1.93;1.68;1.46;1.25;1.06;0.88;0.72;0.58;0.46;0.36;0.28;0.21;0.16;0.12;0.09;0.06;0;0;0;0;0;0;0;0;0;0;0
Chernozem_B;65;1;0;0;0;0;0;0;0.01;0.08;0.1;0.11;0.12;0.13;0.15;0.19;0.24;0.32;0.45;0.63;0.92;1.36;2.02;2.92;3.96;4.9;5.52;5.47;5.5;5.09;4.64;4.28;4.09;4.03;4.02;3.97;3.85;3.72;3.59;3.44;3.22;2.96;2.67;2.35;2;1.65;1.33;1.06;0.83;0.63;0.47;0.34;0.25;0.17;0.12;0.08;0.05;0;0;0;0;0;0;0;0;0;0;0;0;0;0;0
Chernozem_B;130;1;0;0;0;0;0;0;0.01;0.09;0.1;0.11;0.12;0.13;0.16;0.19;0.24;0.32;0.43;0.6;0.89;1.36;2.07;3.04;4.15;5.16;5.82;5.71;5.69;5.15;4.59;4.13;3.83;3.66;3.57;3.48;3.36;3.28;3.21;3.15;3.03;2.87;2.66;2.41;2.12;1.81;1.52;1.28;1.05;0.85;0.68;0.53;0.41;0.31;0.23;0.17;0.12;0.09;0.06;0;0;0;0;0;0;0;0;0;0;0;0;0
Chernozem_B;194;1;0;0;0;0;0;0;0.01;0.08;0.09;0.1;0.11;0.12;0.14;0.17;0.22;0.3;0.42;0.61;0.9;1.36;2.08;3.08;4.27;5.38;6.08;5.98;5.88;5.29;4.68;4.18;3.84;3.62;3.46;3.3;3.14;3.02;2.94;2.88;2.8;2.69;2.54;2.34;2.08;1.81;1.54;1.32;1.11;0.92;0.75;0.6;0.47;0.37;0.28;0.22;0.16;0.12;0.09;0.06;0;0;0;0;0;0;0;0;0;0;0;0
Chernozem_B;259;1;0;0;0;0;0;0;0.01;0.08;0.09;0.1;0.11;0.13;0.15;0.18;0.23;0.32;0.44;0.62;0.92;1.39;2.12;3.13;4.33;5.45;6.17;6.11;5.98;5.35;4.71;4.19;3.85;3.64;3.46;3.26;3.05;2.9;2.82;2.76;2.69;2.59;2.46;2.28;2.05;1.79;1.54;1.32;1.11;0.93;0.76;0.61;0.49;0.38;0.29;0.22;0.17;0.12;0.09;0.06;0;0;0;0;0;0;0;0;0;0;0;0
Chernozem_B;324;1;0;0;0;0;0;0;0.01;0.07;0.09;0.1;0.11;0.12;0.13;0.16;0.21;0.28;0.4;0.59;0.88;1.34;2.05;3.06;4.28;5.46;6.24;6.13;6.09;5.45;4.79;4.26;3.9;3.67;3.48;3.28;3.07;2.92;2.83;2.77;2.7;2.6;2.46;2.28;2.05;1.78;1.52;1.3;1.09;0.91;0.74;0.59;0.47;0.37;0.28;0.21;0.16;0.12;0.09;0.06;0;0;0;0;0;0;0;0;0;0;0;0
Chernozem_B;389;1;0;0;0;0;0;0;0.01;0.07;0.09;0.09;0.1;0.11;0.13;0.15;0.2;0.27;0.38;0.55;0.84;1.31;2.05;3.09;4.35;5.54;6.32;6.26;6.17;5.54;4.88;4.35;3.98;3.73;3.51;3.27;3.02;2.84;2.74;2.68;2.61;2.51;2.39;2.23;2.01;1.75;1.5;1.29;1.09;0.9;0.74;0.59;0.47;0.37;0.28;0.22;0.16;0.12;0.09;0.06;0;0;0;0;0;0;0;0;0;0;0;0
Chernozem_B;453;1;0;0;0;0;0;0;0.01;0.07;0.09;0.09;0.1;0.11;0.12;0.15;0.2;0.27;0.39;0.58;0.87;1.32;2.04;3.07;4.34;5.56;6.35;6.24;6.15;5.51;4.86;4.34;3.98;3.73;3.51;3.28;3.03;2.84;2.72;2.63;2.56;2.47;2.36;2.2;2;1.76;1.52;1.31;1.11;0.92;0.76;0.62;0.49;0.39;0.3;0.23;0.17;0.13;0.09;0.06;0;0;0;0;0;0;0;0;0;0;0;0
Chernozem_B;583;1;0;0;0;0;0;0;0.01;0.07;0.09;0.1;0.1;0.11;0.13;0.16;0.2;0.27;0.38;0.56;0.82;1.26;1.95;2.96;4.21;5.44;6.27;6.22;6.2;5.59;4.94;4.39;4.01;3.76;3.55;3.32;3.07;2.86;2.72;2.63;2.56;2.47;2.36;2.21;2.01;1.77;1.53;1.32;1.13;0.94;0.78;0.63;0.51;0.4;0.31;0.24;0.18;0.13;0.1;0.07;0;0;0;0;0;0;0;0;0;0;0;0
Chernozem_B;712;1;0;0;0;0;0;0;0.01;0.07;0.09;0.09;0.1;0.11;0.12;0.14;0.19;0.26;0.37;0.55;0.82;1.26;1.96;2.98;4.28;5.58;6.51;6.5;6.42;5.73;5;4.43;4.03;3.76;3.53;3.28;3.02;2.8;2.65;2.55;2.47;2.38;2.27;2.13;1.93;1.71;1.48;1.27;1.08;0.9;0.75;0.6;0.48;0.38;0.3;0.23;0.17;0.13;0.09;0.06;0;0;0;0;0;0;0;0;0;0;0;0
Chernozem_B;842;1;0;0;0;0;0;0;0.01;0.07;0.08;0.09;0.09;0.1;0.11;0.14;0.17;0.24;0.34;0.51;0.77;1.2;1.89;2.92;4.22;5.51;6.39;6.37;6.25;5.58;4.9;4.38;4.04;3.81;3.59;3.34;3.06;2.84;2.69;2.58;2.5;2.41;2.31;2.17;1.98;1.76;1.54;1.34;1.15;0.97;0.81;0.66;0.53;0.42;0.33;0.26;0.19;0.15;0.11;0.08;0.05;0;0;0;0;0;0;0;0;0;0;0
Chernozem_B;971;1;0;0;0;0;0;0;0.01;0.07;0.08;0.09;0.09;0.1;0.11;0.14;0.17;0.24;0.35;0.52;0.79;1.23;1.94;3;4.35;5.67;6.54;6.46;6.36;5.71;5.03;4.48;4.09;3.81;3.56;3.29;3.02;2.78;2.64;2.54;2.46;2.38;2.27;2.13;1.93;1.7;1.47;1.27;1.07;0.9;0.74;0.6;0.48;0.38;0.29;0.22;0.17;0.13;0.09;0.06;0;0;0;0;0;0;0;0;0;0;0;0
Chernozem_B;1101;1;0;0;0;0;0;0;0.01;0.07;0.09;0.09;0.1;0.11;0.13;0.15;0.19;0.26;0.37;0.54;0.81;1.25;1.97;3.02;4.33;5.59;6.41;6.37;6.26;5.64;4.98;4.45;4.07;3.79;3.55;3.27;2.99;2.75;2.61;2.52;2.44;2.36;2.27;2.13;1.95;1.73;1.51;1.31;1.12;0.95;0.79;0.64;0.52;0.41;0.32;0.25;0.19;0.14;0.1;0.08;0.05;0;0;0;0;0;0;0;0;0;0;0
Ferr_A;65;1;0;0;0;0;0.006666667;0.043333333;0.06;0.106666667;0.126666667;0.143333333;0.17;0.22;0.316666667;0.486666667;0.786666667;1.216666667;1.716666667;2.236666667;2.803333333;3.466666667;4.153333333;4.633333333;4.423333333;4.303333333;3.726666667;3.203333333;2.863333333;2.716666667;2.726666667;2.826666667;2.95;3.056666667;3.136666667;3.18;3.206666667;3.273333333;3.306666667;3.27;3.143333333;2.96;2.75;2.523333333;2.276666667;2.026666667;1.786666667;1.53;1.296666667;1.08;0.883333333;0.713333333;0.566666667;0.443333333;0.343333333;0.26;0.193333333;0.143333333;0.106666667;0.073333333;0.036666667;0;0;0;0;0;0;0;0;0;0;0
Ferr_A;130;1;0;0;0;0.01;0.083333333;0.083333333;0.093333333;0.153333333;0.18;0.223333333;0.29;0.386666667;0.513333333;0.66;0.823333333;1.003333333;1.233333333;1.533333333;1.923333333;2.38;2.833333333;3.15;3.223333333;3.063333333;2.766666667;2.486666667;2.326666667;2.31;2.433333333;2.653333333;2.91;3.166666667;3.376666667;3.53;3.636666667;3.69;3.65;3.686666667;3.75;3.653333333;3.433333333;3.333333333;3.073333333;2.743333333;2.376666667;1.976666667;1.616666667;1.3;1.043333333;0.85;0.793333333;0.95;0.98;0.626666667;0.323333333;0.203333333;0.156666667;0.12;0.093333333;0.066666667;0.05;0.02;0;0;0;0;0;0;0;0
Ferr_A;194;1;0;0;0.006666667;0.043333333;0.096666667;0.106666667;0.133333333;0.203333333;0.24;0.33;0.493333333;0.72;0.97;1.146666667;1.213333333;1.226666667;1.266666667;1.373333333;1.556666667;1.813333333;2.086666667;2.303333333;2.4;2.36;2.246666667;2.15;2.123333333;2.19;2.33;2.53;2.76;3.003333333;3.236666667;3.436666667;3.593333333;3.75;3.866666667;3.583333333;3.8;3.623333333;3.426666667;3.213333333;2.986666667;2.76;2.53;2.29;2.046666667;1.81;1.576666667;1.356666667;1.156666667;0.97;0.803333333;0.656666667;0.526666667;0.42;0.33;0.256666667;0.193333333;0.146666667;0.11;0.08;0.04;0;0;0;0;0;0;0
Ferr_A;259;1;0;0;0;0.01;0.096666667;0.11;0.136666667;0.216666667;0.26;0.366666667;0.546666667;0.816666667;1.106666667;1.286666667;1.31;1.28;1.29;1.393333333;1.583333333;1.836666667;2.086666667;2.27;2.346666667;2.306666667;2.206666667;2.116666667;2.08;2.126666667;2.246666667;2.426666667;2.643333333;2.873333333;3.083333333;3.256666667;3.406666667;3.56;3.683333333;3.41;3.656666667;3.516666667;3.356666667;3.183333333;2.99;2.793333333;2.59;2.37;2.146666667;1.92;1.696666667;1.476666667;1.27;1.076666667;0.906666667;0.75;0.606666667;0.49;0.386666667;0.303333333;0.236666667;0.176666667;0.133333333;0.1;0.07;0.02;0;0;0;0;0;0
Ferr_A;324;1;0;0;0;0.01;0.086666667;0.096666667;0.12;0.19;0.23;0.32;0.453333333;0.63;0.816666667;0.97;1.073333333;1.16;1.273333333;1.45;1.706666667;2.036666667;2.38;2.64;2.73;2.63;2.42;2.21;2.09;2.103333333;2.243333333;2.47;2.723333333;2.943333333;3.113333333;3.233333333;3.346666667;3.483333333;3.603333333;3.336666667;3.603333333;3.483333333;3.346666667;3.183333333;3;2.796666667;2.583333333;2.356666667;2.126666667;1.886666667;1.66;1.44;1.23;1.04;0.866666667;0.71;0.576666667;0.46;0.363333333;0.283333333;0.216666667;0.163333333;0.123333333;0.09;0.053333333;0.033333333;0;0;0;0;0;0
Ferr_A;389;1;0;0;0;0.01;0.076666667;0.083333333;0.1;0.153333333;0.183333333;0.236666667;0.316666667;0.423333333;0.563333333;0.71;0.846666667;0.976666667;1.13;1.343333333;1.64;2.013333333;2.4;2.69;2.786666667;2.68;2.456666667;2.243333333;2.126666667;2.15;2.303333333;2.536666667;2.796666667;3.023333333;3.193333333;3.31;3.41;3.53;3.633333333;3.363333333;3.62;3.503333333;3.37;3.216666667;3.04;2.846666667;2.636666667;2.416666667;2.186666667;1.946666667;1.72;1.496666667;1.283333333;1.09;0.91;0.746666667;0.613333333;0.49;0.386666667;0.303333333;0.233333333;0.176666667;0.133333333;0.1;0.056666667;0.036666667;0;0;0;0;0;0
Ferr_A;453;1;0;0;0;0.01;0.07;0.07;0.083333333;0.13;0.156666667;0.186666667;0.236666667;0.303333333;0.386666667;0.493333333;0.613333333;0.756666667;0.946666667;1.21;1.593333333;2.103333333;2.663333333;3.096666667;3.216666667;3.003333333;2.63;2.303333333;2.136666667;2.153333333;2.326666667;2.58;2.86;3.1;3.27;3.36;3.396666667;3.413333333;3.483333333;3.356666667;3.61;3.496666667;3.513333333;3.366666667;3.13;2.833333333;2.486666667;2.16;1.863333333;1.6;1.376666667;1.203333333;1.203333333;1.51;1.556666667;1.01;0.58;0.42;0.34;0.273333333;0.213333333;0.166666667;0.126666667;0.096666667;0.073333333;0.053333333;0.036666667;0;0;0;0;0
Ferr_A;583;1;0;0;0;0.003333333;0.026666667;0.05;0.073333333;0.116666667;0.14;0.16;0.2;0.256666667;0.34;0.456666667;0.61;0.803333333;1.026666667;1.29;1.606666667;1.99;2.396666667;2.713333333;2.82;2.706666667;2.473333333;2.256666667;2.15;2.19;2.36;2.613333333;2.88;3.103333333;3.256666667;3.33;3.35;3.36;3.44;3.32;3.593333333;3.593333333;3.456666667;3.423333333;3.21;2.92;2.573333333;2.243333333;1.933333333;1.656666667;1.42;1.246666667;1.306666667;1.7;1.663333333;1.026666667;0.726666667;0.77;0.63;0.353333333;0.21;0.156666667;0.116666667;0.086666667;0.063333333;0.03;0.02;0;0;0;0;0
Ferr_A;712;1;0;0;0;0.01;0.066666667;0.07;0.083333333;0.136666667;0.16;0.193333333;0.26;0.346666667;0.483333333;0.676666667;0.91;1.14;1.31;1.42;1.546666667;1.733333333;1.96;2.16;2.27;2.276666667;2.223333333;2.183333333;2.196666667;2.283333333;2.43;2.606666667;2.776666667;2.93;3.05;3.13;3.186666667;3.256666667;3.35;3.426666667;3.176666667;3.44;3.396666667;3.296666667;3.126666667;2.903333333;2.62;2.34;2.04;1.75;1.47;1.203333333;0.97;0.77;0.62;0.636666667;1.116666667;2.22;2.686666667;1.486666667;0.38;0.083333333;0.023333333;0;0;0;0;0;0;0;0;0
Ferr_A;842;1;0;0;0;0.01;0.07;0.073333333;0.083333333;0.133333333;0.163333333;0.2;0.266666667;0.38;0.55;0.79;1.043333333;1.243333333;1.37;1.456666667;1.566666667;1.733333333;1.94;2.126666667;2.24;2.256666667;2.23;2.21;2.233333333;2.323333333;2.47;2.643333333;2.82;2.976666667;3.08;3.126666667;3.143333333;3.196666667;3.29;3.37;3.093333333;3.37;3.32;3.226666667;3.07;2.85;2.573333333;2.3;2.016666667;1.733333333;1.46;1.216666667;1;0.856666667;0.896666667;1.26;1.636666667;1.74;1.573333333;0.98;0.493333333;0.27;0.156666667;0.066666667;0.03;0;0;0;0;0;0;0
Ferr_A;971;1;0;0;0;0.003333333;0.023333333;0.043333333;0.066666667;0.106666667;0.126666667;0.143333333;0.176666667;0.226666667;0.32;0.476666667;0.72;1.023333333;1.303333333;1.51;1.666666667;1.843333333;2.046666667;2.236666667;2.366666667;2.406666667;2.386666667;2.36;2.37;2.436666667;2.566666667;2.743333333;2.93;3.086666667;3.09;3.183333333;3.143333333;3.136666667;3.173333333;2.99;3.193333333;3.15;3.093333333;3.003333333;2.863333333;2.683333333;2.473333333;2.293333333;2.103333333;1.916666667;1.726666667;1.536666667;1.356666667;1.18;1.016666667;0.99;1.48;2.216666667;1.79;0.746666667;0.296666667;0.183333333;0.12;0.08;0.053333333;0.02;0;0;0;0;0;0
Ferr_A;1101;1;0;0;0;0;0.003333333;0.023333333;0.043333333;0.096666667;0.113333333;0.13;0.156666667;0.193333333;0.256666667;0.356666667;0.513333333;0.71;0.92;1.123333333;1.343333333;1.6;1.89;2.146666667;2.316666667;2.353333333;2.303333333;2.246666667;2.246666667;2.343333333;2.54;2.806666667;3.06;3.25;3.143333333;3.343333333;3.3;3.276666667;3.19;3.3;3.27;3.21;3.126666667;3.013333333;2.85;2.643333333;2.403333333;2.17;1.933333333;1.703333333;1.496666667;1.306666667;1.146666667;1.013333333;0.943333333;1.113333333;1.806666667;2.45;1.913333333;0.98;0.603333333;0.503333333;0.433333333;0.353333333;0.273333333;0.216666667;0.163333333;0.12;0.083333333;0.056666667;0.036666667;0.023333333
Ferr_B1;65;1;0;0;0;0;0;0;0.01;0.08;0.08;0.09;0.11;0.13;0.15;0.19;0.24;0.31;0.38;0.45;0.53;0.61;0.72;0.84;0.99;1.16;1.36;1.59;1.86;2.15;2.45;2.77;3.11;3.48;3.82;4.11;4.32;4.52;4.67;4.39;4.56;4.31;4.03;3.73;3.43;3.15;2.87;2.61;2.35;2.11;1.89;1.68;1.5;1.33;1.19;1.06;0.95;0.85;0.77;0.68;0.61;0.53;0.46;0.39;0.33;0.27;0.22;0.17;0.13;0.1;0.07;0
Ferr_B1;130;1;0;0;0;0;0;0;0.01;0.06;0.07;0.08;0.09;0.1;0.12;0.14;0.17;0.21;0.26;0.3;0.34;0.4;0.47;0.57;0.69;0.83;1;1.2;1.43;1.69;1.97;2.27;2.6;2.97;3.37;3.75;4.09;4.39;4.68;4.86;4.58;4.8;4.61;4.31;3.87;3.34;2.73;2.2;1.74;1.41;1.2;1.11;1.12;1.21;1.34;1.49;1.61;1.69;1.7;1.65;1.52;1.35;1.14;0.92;0.71;0.53;0.37;0.25;0.16;0.1;0.06;0
Ferr_B1;194;1;0;0;0;0;0;0;0.01;0.06;0.07;0.08;0.09;0.11;0.14;0.17;0.21;0.26;0.3;0.33;0.35;0.38;0.41;0.46;0.53;0.63;0.77;0.94;1.15;1.39;1.66;1.97;2.33;2.72;3.11;3.44;3.72;4;4.29;4.5;4.21;4.47;4.32;4.1;3.77;3.35;2.84;2.38;1.96;1.64;1.41;1.31;1.3;1.38;1.52;1.68;1.84;1.95;2.01;1.99;1.9;1.74;1.53;1.28;1.04;0.8;0.6;0.43;0.29;0.19;0.12;0.07
Ferr_B1;259;1;0;0;0;0;0;0;0.01;0.07;0.08;0.09;0.1;0.12;0.15;0.19;0.25;0.3;0.34;0.36;0.38;0.41;0.46;0.55;0.66;0.8;0.96;1.14;1.34;1.54;1.75;1.98;2.23;2.53;2.86;3.18;3.46;3.71;3.95;4.13;3.87;4.14;4.04;3.87;3.61;3.26;2.82;2.38;1.96;1.61;1.35;1.2;1.18;1.27;1.45;1.7;1.96;2.19;2.34;2.39;2.31;2.11;1.84;1.51;1.18;0.87;0.61;0.41;0.26;0.15;0.08;0
Ferr_B1;324;1;0;0;0;0;0;0;0;0;0;0.01;0.06;0.07;0.08;0.09;0.1;0.13;0.16;0.19;0.24;0.29;0.34;0.41;0.49;0.6;0.73;0.89;1.07;1.28;1.52;1.8;2.13;2.51;2.89;3.2;3.46;3.73;4.01;4.21;3.94;4.15;4;3.8;3.54;3.25;2.93;2.66;2.42;2.22;2.07;1.98;1.95;1.97;2.03;2.11;2.19;2.22;2.21;2.12;1.97;1.76;1.5;1.23;0.96;0.72;0.52;0.36;0.24;0.15;0.09;0.05
Ferr_B1;389;1;0;0;0;0;0;0;0;0;0;0;0.01;0.06;0.06;0.07;0.08;0.1;0.11;0.14;0.17;0.22;0.27;0.32;0.38;0.46;0.58;0.73;0.93;1.16;1.43;1.74;2.1;2.5;2.89;3.22;3.51;3.84;4.17;4.4;4.15;4.34;4.17;3.94;3.65;3.32;2.97;2.71;2.5;2.37;2.32;2.34;2.42;2.53;2.64;2.7;2.67;2.55;2.32;2.01;1.66;1.3;0.96;0.68;0.46;0.3;0.19;0.11;0.07;0;0;0
Ferr_B1;453;1;0;0;0;0;0;0;0;0;0;0;0;0;0.01;0.06;0.07;0.08;0.1;0.12;0.15;0.18;0.21;0.24;0.27;0.32;0.4;0.52;0.68;0.89;1.14;1.43;1.77;2.13;2.47;2.74;2.98;3.28;3.6;3.84;3.62;3.92;3.85;3.73;3.55;3.32;3.04;2.77;2.52;2.32;2.18;2.11;2.11;2.19;2.32;2.5;2.68;2.81;2.87;2.83;2.67;2.42;2.08;1.71;1.34;1;0.71;0.48;0.31;0.19;0.11;0.06
Ferr_B1;583;1;0;0;0;0;0;0;0;0;0;0;0;0;0;0.01;0.06;0.07;0.08;0.1;0.12;0.15;0.18;0.22;0.27;0.34;0.43;0.55;0.68;0.84;1.03;1.27;1.56;1.87;2.16;2.4;2.63;2.96;3.29;3.56;3.68;3.44;3.7;3.64;3.52;3.35;3.12;2.86;2.63;2.43;2.3;2.24;2.25;2.35;2.49;2.68;2.86;3;3.06;3.02;2.86;2.61;2.27;1.89;1.51;1.15;0.83;0.58;0.38;0.24;0.15;0.08
Ferr_B1;712;1;0;0;0;0;0;0;0;0;0;0;0;0;0;0;0;0;0;0;0;0;0;0.01;0.08;0.14;0.23;0.35;0.48;0.64;0.85;1.13;1.48;1.84;2.15;2.4;2.62;2.98;3.37;3.65;3.5;3.76;3.71;3.61;3.46;3.29;3.09;2.91;2.76;2.64;2.57;2.54;2.56;2.65;2.77;2.93;3.08;3.19;3.21;3.13;2.94;2.64;2.27;1.86;1.45;1.08;0.76;0.52;0.33;0.2;0.12;0.07
Ferr_B1;842;1;0;0;0;0;0;0;0;0;0;0;0;0;0;0.01;0.06;0.07;0.08;0.09;0.12;0.15;0.18;0.22;0.27;0.34;0.42;0.52;0.64;0.78;0.93;1.11;1.32;1.55;1.79;2.01;2.22;2.51;2.81;3.05;3.19;3.25;3.29;3.06;3.25;3.17;3.03;2.88;2.74;2.64;2.58;2.57;2.61;2.67;2.76;2.86;2.94;3;3;2.95;2.84;2.67;2.45;2.19;1.91;1.61;1.33;1.07;0.83;0.63;0.47;0.31
Ferr_B1;971;1;0;0;0;0;0;0;0;0;0;0;0;0;0;0;0;0;0;0;0;0;0;0.01;0.07;0.11;0.19;0.3;0.43;0.59;0.77;0.98;1.23;1.47;1.72;1.95;2.2;2.53;2.87;3.14;3.29;3.36;3.18;3.36;3.26;3.13;2.95;2.8;2.69;2.63;2.63;2.67;2.75;2.85;2.96;3.06;3.13;3.17;3.15;3.08;2.95;2.77;2.54;2.28;1.99;1.7;1.42;1.15;0.92;0.71;0.54;0.37
Ferr_B1;1101;1;0;0;0;0;0;0;0;0;0;0;0;0;0;0.01;0.06;0.07;0.09;0.11;0.15;0.19;0.25;0.32;0.38;0.45;0.52;0.61;0.72;0.83;0.95;1.08;1.22;1.38;1.56;1.73;1.92;2.19;2.46;2.67;2.78;2.85;2.9;2.66;2.92;2.9;2.84;2.75;2.69;2.64;2.62;2.63;2.66;2.71;2.76;2.82;2.87;2.9;2.91;2.88;2.82;2.72;2.59;2.42;2.23;2.02;1.8;1.58;1.36;1.15;0.96;0.74
Ferr_B2;65;1;0;0;0;0;0;0;0.01;0.08;0.09;0.1;0.12;0.13;0.16;0.19;0.25;0.32;0.42;0.54;0.69;0.89;1.15;1.5;1.92;2.39;2.89;3.4;3.89;4.28;4.49;4.28;4.49;4.43;4.35;4.25;4.14;4.1;4.1;4.06;3.94;3.73;3.49;3.21;2.9;2.58;2.26;1.94;1.64;1.37;1.12;0.91;0.72;0.57;0.44;0.33;0.25;0.19;0.14;0.1;0.07;0;0;0;0;0;0;0;0;0;0;0
Ferr_B2;130;1;0;0;0;0;0;0;0;0.01;0.06;0.07;0.07;0.08;0.09;0.1;0.14;0.19;0.28;0.39;0.51;0.63;0.76;0.91;1.1;1.33;1.61;1.93;2.26;2.57;2.85;3.12;3.39;3.64;3.84;3.95;3.98;3.67;3.51;3.58;3.91;4.47;5;4.84;4.66;3.66;2.49;1.59;1.15;1.09;1.25;1.51;1.76;1.93;1.98;1.89;1.68;1.4;1.09;0.79;0.53;0.34;0.2;0.11;0.06;0;0;0;0;0;0;0
Ferr_B2;194;1;0;0;0;0;0;0;0.01;0.06;0.07;0.08;0.09;0.1;0.11;0.13;0.16;0.2;0.25;0.32;0.41;0.51;0.64;0.8;0.99;1.22;1.48;1.77;2.08;2.4;2.72;3.01;3.31;3.58;3.82;3.99;4.12;4.25;4.36;4.38;4.27;4.08;3.86;3.6;3.29;2.96;2.61;2.29;1.97;1.68;1.41;1.16;0.95;0.76;0.6;0.47;0.51;1.5;3.95;4.21;2;0.38;0.07;0;0;0;0;0;0;0;0;0
Ferr_B2;259;1;0;0;0;0;0;0;0.01;0.06;0.06;0.07;0.08;0.09;0.1;0.12;0.15;0.18;0.23;0.29;0.37;0.46;0.57;0.7;0.85;1.04;1.27;1.54;1.85;2.18;2.5;2.81;3.1;3.39;3.66;3.87;4.03;4.18;4.31;4.03;4.28;4.13;3.93;3.68;3.36;3;2.61;2.25;1.93;1.65;1.44;1.32;1.28;1.32;1.42;1.55;1.67;1.74;1.74;1.65;1.49;1.26;1.01;0.77;0.55;0.37;0.23;0.14;0.08;0;0;0
Ferr_B2;324;1;0;0;0;0;0;0;0.01;0.06;0.07;0.08;0.09;0.11;0.13;0.16;0.19;0.24;0.28;0.33;0.38;0.45;0.54;0.65;0.79;0.96;1.17;1.42;1.71;2;2.31;2.62;2.94;3.28;3.59;3.82;3.97;4.1;4.24;4.04;4.29;4.16;3.99;3.76;3.45;3.09;2.68;2.32;2;1.74;1.56;1.46;1.45;1.51;1.61;1.71;1.79;1.81;1.75;1.62;1.42;1.19;0.94;0.71;0.5;0.34;0.22;0.13;0.07;0;0;0
Ferr_B2;389;1;0;0;0;0;0;0;0;0.01;0.06;0.07;0.08;0.09;0.1;0.12;0.14;0.16;0.18;0.21;0.24;0.3;0.37;0.47;0.61;0.79;1.01;1.28;1.57;1.88;2.2;2.52;2.86;3.2;3.51;3.76;3.92;4.08;4.23;3.96;4.27;4.15;3.98;3.75;3.46;3.12;2.73;2.38;2.07;1.81;1.62;1.51;1.47;1.5;1.58;1.68;1.77;1.82;1.83;1.76;1.63;1.45;1.23;1.01;0.78;0.58;0.42;0.28;0.19;0.12;0.07;0
Ferr_B2;453;1;0;0;0;0;0;0;0;0;0.01;0.06;0.07;0.08;0.09;0.1;0.12;0.14;0.17;0.21;0.26;0.33;0.41;0.51;0.62;0.75;0.9;1.09;1.32;1.6;1.9;2.23;2.57;2.92;3.26;3.54;3.76;3.96;4.14;3.89;4.24;4.15;4.02;3.82;3.55;3.22;2.85;2.52;2.2;1.93;1.73;1.61;1.57;1.6;1.7;1.83;1.95;2.04;2.06;1.99;1.85;1.63;1.37;1.1;0.84;0.6;0.42;0.27;0.17;0.1;0.06;0
Ferr_B2;583;1;0;0;0;0;0;0;0;0;0;0.01;0.06;0.06;0.07;0.08;0.09;0.1;0.12;0.15;0.19;0.25;0.32;0.39;0.48;0.59;0.74;0.93;1.16;1.43;1.73;2.07;2.45;2.86;3.24;3.55;3.79;4.02;4.22;4;4.24;4.1;3.93;3.73;3.49;3.25;3.01;2.83;2.67;2.51;2.36;2.2;2.05;1.88;1.74;1.71;2.04;2.76;3.2;2.67;1.62;0.86;0.53;0.39;0.3;0.23;0.18;0.14;0.1;0.08;0.05;0
Ferr_B2;712;1;0;0;0;0;0;0;0;0;0;0.01;0.06;0.06;0.07;0.08;0.09;0.11;0.13;0.15;0.19;0.24;0.29;0.33;0.4;0.49;0.62;0.82;1.06;1.35;1.68;2.07;2.52;2.99;3.4;3.73;3.99;4.25;4.53;4.72;4.52;4.71;4.62;4.49;4.25;3.93;3.51;3.09;2.66;2.24;1.86;1.6;1.71;2.5;3.74;4.23;3.24;1.67;0.62;0.22;0.1;0.06;0;0;0;0;0;0;0;0;0;0
Ferr_B2;842;1;0;0;0;0;0;0;0;0;0;0;0.01;0.06;0.06;0.07;0.08;0.09;0.11;0.13;0.16;0.2;0.25;0.32;0.4;0.5;0.63;0.78;0.97;1.18;1.44;1.76;2.14;2.55;2.94;3.27;3.53;3.84;4.16;4.38;4.45;4.42;4.36;4.26;4.09;3.87;3.59;3.29;2.99;2.69;2.4;2.12;1.86;1.62;1.54;2.41;4.61;4.55;2.36;0.8;0.45;0.35;0.27;0.21;0.16;0.12;0.09;0.06;0;0;0;0
Ferr_B2;971;1;0;0;0;0;0;0;0;0;0;0;0;0.01;0.06;0.06;0.07;0.08;0.09;0.11;0.13;0.16;0.19;0.23;0.29;0.37;0.49;0.65;0.84;1.07;1.34;1.68;2.06;2.48;2.89;3.25;3.58;3.91;4.23;4.45;4.29;4.51;4.42;4.24;3.95;3.58;3.15;2.79;2.49;2.29;2.21;2.26;2.43;2.66;2.87;3;2.97;2.76;2.4;1.94;1.47;1.03;0.67;0.41;0.24;0.13;0.07;0;0;0;0;0
Ferr_B2;1101;1;0;0;0;0;0;0;0;0;0;0;0;0;0.01;0.06;0.06;0.07;0.08;0.1;0.12;0.14;0.17;0.2;0.25;0.32;0.41;0.55;0.72;0.95;1.21;1.52;1.87;2.24;2.59;2.91;3.2;3.55;3.89;4.13;3.92;4.2;4.14;4.01;3.79;3.51;3.17;2.88;2.63;2.44;2.32;2.28;2.3;2.39;2.5;2.62;2.69;2.7;2.62;2.44;2.17;1.85;1.5;1.16;0.86;0.6;0.41;0.26;0.16;0.1;0.06;0
Vert_A;65;1;0;0;0.01;0.07;0.12;0.13;0.16;0.24;0.28;0.39;0.56;0.8;1.06;1.24;1.29;1.27;1.25;1.26;1.3;1.37;1.46;1.55;1.66;1.78;1.94;2.13;2.36;2.61;2.88;3.17;3.54;3.98;4.45;4.84;5.1;5.23;5.01;5.21;4.98;4.61;4.15;3.6;2.98;2.34;1.76;1.28;0.91;0.62;0.42;0.28;0.18;0.12;0.07;0;0;0;0;0;0;0;0;0;0;0;0;0;0;0;0;0
Vert_A;130;1;0;0.01;0.06;0.08;0.16;0.2;0.26;0.4;0.47;0.72;1.08;1.45;1.64;1.59;1.44;1.31;1.27;1.28;1.32;1.38;1.44;1.51;1.58;1.66;1.76;1.89;2.05;2.23;2.43;2.66;2.94;3.3;3.7;4.09;4.42;4.69;4.9;4.69;4.91;4.68;4.33;3.87;3.32;2.72;2.15;1.66;1.24;0.91;0.66;0.47;0.34;0.24;0.17;0.12;0.09;0.06;0;0;0;0;0;0;0;0;0;0;0;0;0;0
Vert_A;194;1;0;0;0.01;0.07;0.15;0.2;0.27;0.43;0.53;0.86;1.32;1.75;1.93;1.85;1.66;1.52;1.46;1.45;1.46;1.49;1.53;1.57;1.63;1.71;1.81;1.93;2.06;2.2;2.34;2.51;2.73;3.01;3.31;3.61;3.89;4.15;4.37;4.23;4.46;4.3;4.05;3.72;3.31;2.86;2.41;1.98;1.59;1.24;0.94;0.69;0.5;0.35;0.25;0.17;0.11;0.07;0;0;0;0;0;0;0;0;0;0;0;0;0;0
Vert_A;259;1;0;0;0.01;0.07;0.13;0.16;0.2;0.32;0.38;0.56;0.84;1.17;1.44;1.53;1.49;1.41;1.37;1.37;1.41;1.45;1.49;1.54;1.6;1.68;1.8;1.94;2.09;2.24;2.38;2.54;2.74;2.98;3.26;3.53;3.78;4.06;4.31;4.46;4.16;4.35;4.14;3.86;3.5;3.1;2.69;2.3;1.92;1.57;1.25;0.97;0.74;0.55;0.4;0.28;0.2;0.14;0.09;0.06;0;0;0;0;0;0;0;0;0;0;0;0
Vert_A;324;1;0;0;0.01;0.06;0.12;0.15;0.21;0.33;0.39;0.61;0.95;1.39;1.74;1.84;1.71;1.51;1.38;1.33;1.36;1.44;1.53;1.62;1.72;1.82;1.94;2.08;2.22;2.35;2.46;2.58;2.72;2.91;3.12;3.33;3.53;3.76;3.98;4.13;3.85;4.07;3.9;3.66;3.35;3;2.64;2.29;1.95;1.63;1.33;1.06;0.83;0.63;0.47;0.34;0.25;0.17;0.12;0.08;0.05;0;0;0;0;0;0;0;0;0;0;0
Vert_A;389;1;0;0;0;0.01;0.12;0.16;0.23;0.4;0.51;0.85;1.41;2.04;2.41;2.36;2.07;1.79;1.61;1.53;1.52;1.56;1.63;1.69;1.77;1.85;1.96;2.1;2.24;2.36;2.45;2.53;2.64;2.78;2.94;3.09;3.24;3.43;3.62;3.76;3.5;3.71;3.56;3.33;3.04;2.71;2.38;2.09;1.81;1.53;1.28;1.05;0.84;0.67;0.52;0.4;0.3;0.22;0.16;0.11;0.08;0.05;0;0;0;0;0;0;0;0;0;0
Vert_A;453;1;0;0;0;0;0.01;0.06;0.07;0.11;0.13;0.14;0.17;0.22;0.3;0.45;0.73;1.12;1.5;1.72;1.73;1.68;1.67;1.72;1.82;1.94;2.09;2.27;2.47;2.68;2.86;3.01;3.13;3.25;3.37;3.47;3.59;3.78;3.99;4.14;3.9;4.1;3.95;3.73;3.43;3.09;2.74;2.44;2.13;1.84;1.55;1.29;1.06;0.85;0.67;0.52;0.4;0.3;0.22;0.16;0.11;0.08;0.05;0;0;0;0;0;0;0;0;0
Vert_A;583;1;0;0;0;0.01;0.06;0.06;0.07;0.11;0.12;0.14;0.17;0.21;0.29;0.44;0.71;1.1;1.48;1.66;1.61;1.46;1.36;1.37;1.48;1.68;1.95;2.23;2.49;2.7;2.87;3.03;3.18;3.33;3.44;3.52;3.6;3.76;3.95;4.1;3.82;4.12;3.99;3.77;3.45;3.1;2.74;2.45;2.17;1.89;1.64;1.4;1.18;0.98;0.81;0.66;0.53;0.42;0.32;0.25;0.19;0.14;0.11;0.08;0.05;0;0;0;0;0;0;0
Vert_A;712;1;0;0;0;0;0.01;0.06;0.07;0.11;0.12;0.14;0.17;0.21;0.29;0.44;0.73;1.15;1.57;1.78;1.75;1.65;1.62;1.69;1.86;2.07;2.3;2.54;2.75;2.93;3.07;3.17;3.27;3.36;3.42;3.46;3.48;3.58;3.71;3.83;3.58;3.84;3.72;3.52;3.24;2.91;2.58;2.32;2.05;1.79;1.54;1.31;1.1;0.92;0.75;0.61;0.48;0.38;0.3;0.23;0.17;0.13;0.1;0.07;0;0;0;0;0;0;0;0
Vert_A;842;1;0;0;0;0.01;0.09;0.12;0.16;0.28;0.34;0.54;0.94;1.57;2.24;2.53;2.32;1.95;1.69;1.6;1.64;1.73;1.83;1.93;2.06;2.22;2.42;2.63;2.8;2.92;2.98;3.02;3.06;3.1;3.14;3.12;3.07;3.07;3.11;3.15;2.86;3.1;3;2.84;2.62;2.37;2.11;1.9;1.68;1.48;1.28;1.09;0.91;0.76;0.62;0.5;0.4;0.31;0.24;0.18;0.14;0.1;0.08;0.05;0;0;0;0;0;0;0;0
Vert_A;971;1;0;0;0;0.01;0.09;0.11;0.16;0.27;0.33;0.52;0.86;1.38;1.91;2.16;2.06;1.85;1.72;1.73;1.83;1.96;2.07;2.16;2.26;2.38;2.54;2.73;2.9;3.01;3.07;3.09;2.8;3.11;3.1;3.07;3.03;3.03;3.06;3.07;3.04;2.97;2.86;2.71;2.51;2.28;2.04;1.85;1.67;1.48;1.3;1.12;0.96;0.81;0.67;0.55;0.45;0.35;0.28;0.22;0.17;0.12;0.09;0.07;0;0;0;0;0;0;0;0
Vert_A;1101;1;0;0;0;0.01;0.09;0.11;0.15;0.25;0.31;0.46;0.72;1.12;1.57;1.84;1.83;1.67;1.53;1.48;1.53;1.64;1.78;1.94;2.12;2.32;2.54;2.77;2.97;3.13;3.22;3.27;3.3;3.06;3.32;3.27;3.21;3.19;3.22;3.24;3.23;3.18;3.09;2.95;2.73;2.48;2.21;1.98;1.76;1.53;1.32;1.12;0.94;0.77;0.62;0.5;0.39;0.31;0.23;0.18;0.13;0.1;0.07;0;0;0;0;0;0;0;0;0
Vert_Aspot;65;1;0;0;0.01;0.07;0.13;0.15;0.18;0.27;0.3;0.43;0.62;0.84;1.01;1.03;0.95;0.87;0.85;0.9;1.02;1.17;1.34;1.51;1.67;1.83;1.99;2.18;2.38;2.6;2.8;3.01;3.25;3.52;3.8;4.02;4.19;4.34;4.49;4.34;4.58;4.45;4.24;3.93;3.52;3.06;2.61;2.2;1.81;1.46;1.14;0.88;0.65;0.48;0.34;0.24;0.17;0.11;0.07;0;0;0;0;0;0;0;0;0;0;0;0;0
Vert_Aspot;130;1;0;0;0;0.01;0.07;0.07;0.08;0.12;0.14;0.16;0.2;0.26;0.37;0.54;0.79;1.05;1.22;1.28;1.3;1.34;1.44;1.57;1.73;1.92;2.12;2.35;2.59;2.81;3.02;3.23;3.44;3.63;3.79;3.88;3.92;3.99;4.08;3.89;4.13;4.04;3.89;3.66;3.32;2.93;2.54;2.24;1.95;1.67;1.42;1.2;0.99;0.82;0.66;0.53;0.42;0.33;0.26;0.2;0.15;0.11;0.08;0.06;0;0;0;0;0;0;0;0
Vert_Aspot;194;1;0;0;0;0.01;0.06;0.06;0.07;0.11;0.13;0.15;0.18;0.22;0.3;0.42;0.61;0.84;1.06;1.2;1.3;1.4;1.52;1.68;1.86;2.06;2.28;2.52;2.76;2.99;3.19;3.38;3.56;3.72;3.83;3.87;3.85;3.86;3.89;3.65;3.9;3.82;3.71;3.52;3.24;2.9;2.55;2.27;2;1.74;1.49;1.27;1.07;0.88;0.72;0.58;0.46;0.36;0.28;0.22;0.16;0.12;0.09;0.06;0;0;0;0;0;0;0;0
Vert_Aspot;259;1;0;0;0;0.01;0.06;0.06;0.07;0.11;0.13;0.15;0.18;0.22;0.3;0.43;0.63;0.87;1.08;1.21;1.26;1.33;1.44;1.62;1.82;2.04;2.27;2.54;2.81;3.06;3.27;3.44;3.61;3.79;3.94;4;3.98;3.98;4;3.67;3.96;3.83;3.65;3.41;3.09;2.73;2.39;2.13;1.88;1.65;1.43;1.23;1.05;0.88;0.73;0.6;0.49;0.39;0.31;0.24;0.18;0.14;0.1;0.08;0.05;0;0;0;0;0;0;0
Vert_Aspot;324;1;0;0;0;0.01;0.11;0.13;0.17;0.27;0.32;0.46;0.71;1.05;1.37;1.49;1.4;1.25;1.14;1.13;1.19;1.3;1.44;1.6;1.77;1.95;2.17;2.41;2.68;2.92;3.12;3.28;3.42;3.55;3.66;3.37;3.66;3.63;3.62;3.59;3.52;3.41;3.28;3.1;2.86;2.58;2.29;2.06;1.84;1.62;1.42;1.23;1.05;0.89;0.75;0.62;0.51;0.41;0.33;0.26;0.2;0.16;0.12;0.09;0.06;0;0;0;0;0;0;0
Vert_Aspot;389;1;0;0;0;0.01;0.11;0.13;0.17;0.27;0.32;0.47;0.73;1.1;1.44;1.52;1.36;1.15;1.04;1.06;1.18;1.35;1.53;1.71;1.89;2.1;2.33;2.57;2.81;3.01;3.19;3.33;3.46;3.57;3.31;3.64;3.59;3.54;3.51;3.48;3.41;3.32;3.2;3.03;2.81;2.55;2.28;2.06;1.84;1.62;1.42;1.22;1.04;0.88;0.73;0.6;0.49;0.39;0.31;0.24;0.19;0.14;0.11;0.08;0.06;0;0;0;0;0;0;0
Vert_Aspot;453;1;0;0;0.01;0.06;0.11;0.13;0.17;0.26;0.31;0.44;0.67;0.95;1.2;1.28;1.21;1.12;1.1;1.15;1.26;1.41;1.59;1.79;2.01;2.23;2.46;2.7;2.93;3.14;3.31;3.45;3.56;3.66;3.39;3.7;3.63;3.56;3.52;3.48;3.39;3.29;3.16;2.99;2.76;2.5;2.23;2.01;1.78;1.57;1.36;1.17;0.99;0.83;0.69;0.56;0.45;0.36;0.28;0.22;0.17;0.13;0.09;0.07;0;0;0;0;0;0;0;0
Vert_Aspot;583;1;0;0;0;0.01;0.1;0.12;0.15;0.24;0.28;0.4;0.59;0.84;1.08;1.24;1.28;1.25;1.23;1.24;1.29;1.4;1.56;1.77;2.01;2.26;2.49;2.72;2.94;3.13;3.29;3.44;3.57;3.69;3.45;3.72;3.63;3.54;3.49;3.44;3.36;3.26;3.13;2.97;2.75;2.5;2.25;2.03;1.81;1.59;1.38;1.19;1.01;0.84;0.7;0.57;0.46;0.36;0.28;0.22;0.17;0.13;0.09;0.07;0;0;0;0;0;0;0;0
Vert_Aspot;712;1;0;0;0;0.01;0.06;0.06;0.07;0.11;0.13;0.15;0.18;0.22;0.3;0.46;0.7;1.03;1.3;1.43;1.46;1.49;1.61;1.81;2.06;2.31;2.56;2.82;3.07;3.3;3.49;3.64;3.78;3.89;3.64;3.94;3.86;3.78;3.71;3.62;3.5;3.35;3.18;2.97;2.73;2.46;2.2;1.99;1.78;1.58;1.39;1.21;1.04;0.89;0.75;0.63;0.52;0.43;0.34;0.27;0.22;0.17;0.13;0.1;0.07;0.05;0;0;0;0;0;0
Vert_Aspot;842;1;0;0;0;0.01;0.06;0.06;0.07;0.11;0.12;0.14;0.17;0.21;0.28;0.42;0.64;0.94;1.24;1.44;1.51;1.55;1.63;1.76;1.93;2.14;2.39;2.67;2.96;3.23;3.46;3.65;3.82;3.96;3.74;4.02;3.93;3.85;3.79;3.72;3.62;3.48;3.33;3.14;2.9;2.63;2.36;2.11;1.87;1.63;1.4;1.2;1;0.83;0.68;0.55;0.44;0.34;0.27;0.2;0.15;0.11;0.08;0.06;0;0;0;0;0;0;0;0
Vert_Aspot;971;1;0;0;0;0.01;0.1;0.12;0.14;0.23;0.27;0.37;0.54;0.78;1.05;1.23;1.25;1.17;1.1;1.11;1.22;1.4;1.63;1.86;2.09;2.33;2.57;2.82;3.06;3.27;3.45;3.6;3.75;3.86;3.59;3.88;3.78;3.69;3.63;3.56;3.44;3.3;3.13;2.93;2.68;2.41;2.15;1.91;1.68;1.46;1.25;1.06;0.89;0.73;0.6;0.48;0.38;0.3;0.23;0.18;0.13;0.1;0.07;0;0;0;0;0;0;0;0;0
Vert_Aspot;1101;1;0;0;0;0.01;0.06;0.06;0.07;0.11;0.12;0.14;0.17;0.21;0.28;0.41;0.63;0.92;1.2;1.37;1.41;1.44;1.51;1.68;1.91;2.2;2.52;2.85;3.16;3.42;3.61;3.77;3.91;4.04;3.78;4.1;4;3.9;3.83;3.75;3.64;3.49;3.33;3.12;2.86;2.58;2.3;2.04;1.79;1.56;1.33;1.13;0.94;0.77;0.63;0.5;0.4;0.31;0.24;0.18;0.14;0.1;0.07;0;0;0;0;0;0;0;0;0
